1.718750000000000000e-01 -8.945310115814208984e-01 -1.829000003635883331e-02
1.653643399477005005e-01 -8.958333134651184082e-01 -7.712000049650669098e-03
1.601559966802597046e-01 -8.964844942092895508e-01 1.790000009350478649e-03
1.152345016598701477e-01 -8.964844942092895508e-01 3.001062572002410889e-02
9.765619784593582153e-02 -8.964844942092895508e-01 3.012049943208694458e-02
8.203099668025970459e-02 -8.945310115814208984e-01 1.920600049197673798e-02
1.796880066394805908e-01 -8.886719942092895508e-01 -4.138299822807312012e-02
1.093750000000000000e-01 -8.886719942092895508e-01 3.621950000524520874e-02
1.015623360872268677e-01 -8.886719942092895508e-01 3.660283237695693970e-02
1.816409975290298462e-01 -8.808590173721313477e-01 -5.700000002980232239e-02
1.757809966802597046e-01 -8.847655057907104492e-01 -3.760625049471855164e-02
1.718750000000000000e-01 -8.847655057907104492e-01 -2.412074990570545197e-02
1.660155057907104492e-01 -8.847655057907104492e-01 -8.309625089168548584e-03
1.601559966802597046e-01 -8.847655057907104492e-01 3.848999971523880959e-03
9.598214179277420044e-02 -8.830912709236145020e-01 3.103121370077133179e-02
8.463566750288009644e-02 -8.860676884651184082e-01 2.252183295786380768e-02
7.812500000000000000e-02 -8.789060115814208984e-01 -2.467999933287501335e-03
1.445309966802597046e-01 -8.750000000000000000e-01 1.868899911642074585e-02
1.816409975290298462e-01 -8.730469942092895508e-01 -6.545674800872802734e-02
1.627601683139801025e-01 -8.723959922790527344e-01 -9.214499965310096741e-03
1.319109201431274414e-01 -8.716949224472045898e-01 2.400330826640129089e-02
1.497397571802139282e-01 -8.697918057441711426e-01 7.158916443586349487e-03
1.152345016598701477e-01 -8.691407442092895508e-01 2.578650042414665222e-02
8.515659719705581665e-02 -8.703125715255737305e-01 7.904400117695331573e-03
-1.406250000000000000e-01 -8.632810115814208984e-01 -5.284500122070312500e-02
1.796880066394805908e-01 -8.632813096046447754e-01 -7.324733585119247437e-02
1.738280057907104492e-01 -8.632814884185791016e-01 -6.420700252056121826e-02
1.718750000000000000e-01 -8.665364980697631836e-01 -4.447766765952110291e-02
1.657984405755996704e-01 -8.663195371627807617e-01 -2.581877820193767548e-02
1.562500000000000000e-01 -8.593750000000000000e-01 -1.768999919295310974e-02
1.337890028953552246e-01 -8.623046875000000000e-01 1.054400019347667694e-02
1.152345016598701477e-01 -8.593750000000000000e-01 1.425474975258111954e-02
7.812500000000000000e-02 -8.593750000000000000e-01 -1.811599917709827423e-02
-1.171879991888999939e-01 -8.593750000000000000e-01 -5.346300080418586731e-02
-1.312498003244400024e-01 -8.609374165534973145e-01 -5.586500093340873718e-02
-1.289065033197402954e-01 -8.593750000000000000e-01 -5.136200040578842163e-02
-1.473215669393539429e-01 -8.610489964485168457e-01 -4.837328568100929260e-02
-1.625975072383880615e-01 -8.608397245407104492e-01 -4.701012372970581055e-02
1.289059966802597046e-01 -8.554689884185791016e-01 2.666333224624395370e-03
1.152345016598701477e-01 -8.535155057907104492e-01 5.562624894082546234e-03
8.593799918889999390e-02 -8.535155057907104492e-01 -1.125949993729591370e-02
1.621090024709701538e-01 -8.515622615814208984e-01 -4.475824907422065735e-02
1.718750000000000000e-01 -8.496092557907104492e-01 -7.580900192260742188e-02
1.648436039686203003e-01 -8.484374284744262695e-01 -5.829120054841041565e-02
1.152345016598701477e-01 -8.457030057907104492e-01 -4.933250136673450470e-03
9.667966514825820923e-02 -8.476560711860656738e-01 -6.135916803032159805e-03
-6.445299834012985229e-02 -8.437500000000000000e-01 -1.532624959945678711e-01
-7.031200081110000610e-02 -8.437500000000000000e-01 -1.441770046949386597e-01
-8.203099668025970459e-02 -8.457030057907104492e-01 -9.800899773836135864e-02
-8.593799918889999390e-02 -8.457030057907104492e-01 -9.122650325298309326e-02
-1.080730035901069641e-01 -8.502603173255920410e-01 -5.714144557714462280e-02
-1.289062052965164185e-01 -8.496092557907104492e-01 -4.080900177359580994e-02
-1.477274596691131592e-01 -8.501418232917785645e-01 -3.293927386403083801e-02
-1.631943285465240479e-01 -8.496091961860656738e-01 -3.227188810706138611e-02
-1.816407442092895508e-01 -8.496092557907104492e-01 -4.288081079721450806e-02
-1.914059966802597046e-01 -8.398439884185791016e-01 -6.722900271415710449e-02
1.601559966802597046e-01 -8.378909826278686523e-01 -6.234050169587135315e-02
1.445309966802597046e-01 -8.378909826278686523e-01 -3.243099898099899292e-02
-1.699219942092895508e-01 -8.632810115814208984e-01 -5.317600071430206299e-02
1.152345016598701477e-01 -8.378909826278686523e-01 -1.373862475156784058e-02
1.025390028953552246e-01 -8.388674855232238770e-01 -1.392900012433528900e-02
-1.787109971046447754e-01 -8.388674855232238770e-01 -4.693774878978729248e-02
-4.017842933535575867e-02 -8.370538353919982910e-01 -1.805988550186157227e-01
-5.691971257328987122e-02 -8.348215818405151367e-01 -1.466468572616577148e-01
-1.627603322267532349e-01 -8.313800096511840820e-01 -6.047933176159858704e-02
-1.816405057907104492e-01 -8.320314884185791016e-01 -7.196900248527526855e-02
-1.813618540763854980e-01 -8.337054252624511719e-01 -6.173871457576751709e-02
1.660155057907104492e-01 -8.261719942092895508e-01 -9.009625017642974854e-02
1.640623360872268677e-01 -8.333334326744079590e-01 -7.954477518796920776e-02
1.549479961395263672e-01 -8.287761807441711426e-01 -5.943216755986213684e-02
1.490887552499771118e-01 -8.326824307441711426e-01 -4.454633221030235291e-02
1.393229961395263672e-01 -8.255209922790527344e-01 -3.892133384943008423e-02
1.324217468500137329e-01 -8.322266936302185059e-01 -2.682439982891082764e-02
1.152345016598701477e-01 -8.281250000000000000e-01 -2.450566738843917847e-02
9.843739867210388184e-02 -8.322917819023132324e-01 -2.638160064816474915e-02
8.984400331974029541e-02 -8.242189884185791016e-01 -5.244600027799606323e-02
-2.265629917383193970e-02 -8.316407799720764160e-01 -1.994938999414443970e-01
-3.125000000000000000e-02 -8.261719942092895508e-01 -1.723459959030151367e-01
-6.380199640989303589e-02 -8.268229961395263672e-01 -1.130676642060279846e-01
-7.584633678197860718e-02 -8.310548067092895508e-01 -9.655891358852386475e-02
-9.033224731683731079e-02 -8.315431475639343262e-01 -7.592274993658065796e-02
-9.982600063085556030e-02 -8.328994512557983398e-01 -6.515666842460632324e-02
-1.289062052965164185e-01 -8.261719942092895508e-01 -5.751600116491317749e-02
-1.467635780572891235e-01 -8.286830186843872070e-01 -5.975714325904846191e-02
-1.484376639127731323e-01 -8.242189884185791016e-01 -7.497633248567581177e-02
1.250000000000000000e-01 -8.203120231628417969e-01 -3.445700183510780334e-02
1.152345016598701477e-01 -8.203120231628417969e-01 -3.321275115013122559e-02
-1.445313394069671631e-01 -8.203120231628417969e-01 -8.246199786663055420e-02
-1.582030057907104492e-01 -8.203120231628417969e-01 -9.094700217247009277e-02
-1.126303300261497498e-01 -8.190100193023681641e-01 -6.711316853761672974e-02
-1.256510019302368164e-01 -8.190100193023681641e-01 -6.624433398246765137e-02
1.617183983325958252e-01 -8.171871900558471680e-01 -8.458799868822097778e-02
-1.113282516598701477e-01 -4.472655057907104492e-01 -4.482506215572357178e-02
9.765500202775001526e-03 -2.265619933605194092e-01 -3.635700047016143799e-02
-7.617174834012985229e-02 -5.781250000000000000e-01 -8.800324797630310059e-02
-1.914059966802597046e-01 -8.359379768371582031e-01 -7.070600241422653198e-02
-1.277900040149688721e-01 -4.478235840797424316e-01 -6.132421270012855530e-02
1.250000000000000000e-01 -4.375000000000000000e-01 1.761399954557418823e-02
1.953119933605194092e-01 -4.179689884185791016e-01 -1.452799979597330093e-02
-1.105469986796379089e-01 -8.117188215255737305e-01 -7.526420056819915771e-02
1.631942242383956909e-01 -4.262153208255767822e-01 1.971422135829925537e-02
1.635739952325820923e-01 -2.065429985523223877e-01 5.583112314343452454e-02
1.503907442092895508e-01 -4.296875894069671631e-01 2.227674983441829681e-02
1.331379115581512451e-01 -4.293620884418487549e-01 2.336324937641620636e-02
1.953119933605194092e-01 -6.210939884185791016e-01 -8.836399763822555542e-02
1.129261851310729980e-01 -4.325285553932189941e-01 1.296918187290430069e-02
1.027342975139617920e-01 -4.273437857627868652e-01 6.063300184905529022e-03
7.666025310754776001e-02 -3.081056177616119385e-01 3.263087570667266846e-02
-1.093750968575477600e-01 -5.156251192092895508e-01 -6.697709858417510986e-02
-1.250000000000000000e-01 -8.046879768371582031e-01 -9.358733147382736206e-02
9.495184570550918579e-02 -4.305890798568725586e-01 -7.820922881364822388e-03
1.458333283662796021e-01 -8.541666865348815918e-01 -1.305666659027338028e-02
-1.145834997296333313e-01 -5.208334922790527344e-01 -7.130066305398941040e-02
-5.744494125247001648e-02 -6.590071916580200195e-01 -1.261590570211410522e-01
-3.125000000000000000e-02 -7.265623807907104492e-01 -1.737200021743774414e-01
-2.674307674169540405e-02 -4.305890798568725586e-01 -5.981846153736114502e-02
-4.132389649748802185e-02 -4.292764067649841309e-01 -4.477500170469284058e-02
-1.952999969944357872e-03 -3.242185115814208984e-01 -6.003250181674957275e-02
-1.079102531075477600e-01 -4.262696206569671631e-01 -3.246499970555305481e-02
-1.367190033197402954e-01 -4.160155057907104492e-01 -7.159250229597091675e-02
1.671005487442016602e-01 -4.116752147674560547e-01 2.221277728676795959e-02
1.152345016598701477e-01 -4.121092557907104492e-01 2.529774978756904602e-02
9.947906434535980225e-02 -8.703126907348632812e-01 2.421846613287925720e-02
1.627600044012069702e-01 -8.098959922790527344e-01 -9.035566449165344238e-02
8.515659719705581665e-02 -4.109373986721038818e-01 -1.178179960697889328e-02
8.046860247850418091e-02 -4.117186069488525391e-01 -2.624480053782463074e-02
-1.367190033197402954e-01 -4.472655057907104492e-01 -7.834649831056594849e-02
9.244800359010696411e-02 -5.885418057441711426e-01 -5.750266835093498230e-02
-3.906229883432388306e-02 -8.144530057907104492e-01 -1.485469043254852295e-01
7.578139752149581909e-02 -4.124997854232788086e-01 -4.349359869956970215e-02
-2.539099939167499542e-02 -7.480469942092895508e-01 -1.885209977626800537e-01
7.031200081110000610e-02 -4.121092557907104492e-01 -6.282199919223785400e-02
-5.818263068795204163e-02 -4.827301502227783203e-01 -5.638826265931129456e-02
-3.906229883432388306e-02 -4.140624105930328369e-01 -3.787560015916824341e-02
-9.443929046392440796e-02 -4.131432473659515381e-01 -2.116352878510951996e-02
6.562480330467224121e-02 -3.585937023162841797e-01 -8.183900266885757446e-03
8.984400331974029541e-02 -4.355469942092895508e-01 -1.992899924516677856e-02
-7.324200123548507690e-02 -4.873045086860656738e-01 -5.311974883079528809e-02
-1.104911416769027710e-01 -4.115512073040008545e-01 -2.810964360833168030e-02
-1.562500000000000000e-01 -2.363282442092895508e-01 -1.463299989700317383e-02
1.914059966802597046e-01 -4.121092557907104492e-01 -1.377349998801946640e-02
-1.171899959444999695e-02 -3.925780057907104492e-01 -7.554849982261657715e-02
1.679686009883880615e-01 -3.945313990116119385e-01 2.508736029267311096e-02
1.191409975290298462e-01 -3.886719942092895508e-01 3.632475063204765320e-02
-1.367190033197402954e-01 -3.457030057907104492e-01 -5.240000039339065552e-02
1.152345016598701477e-01 -7.617185711860656738e-01 -6.089594960212707520e-02
1.142578721046447754e-01 -3.959962427616119385e-01 3.166493773460388184e-02
-1.875000074505805969e-02 -3.425782024860382080e-01 -2.322719991207122803e-02
8.349612355232238770e-02 -3.959962427616119385e-01 -7.851249538362026215e-03
6.575500220060348511e-02 -3.958334922790527344e-01 -5.824466794729232788e-02
9.806736558675765991e-02 -2.555508315563201904e-01 5.788242071866989136e-02
-1.171899959444999695e-02 -3.925785124301910400e-01 -6.898649781942367554e-02
2.070309966802597046e-01 -5.527344942092895508e-01 -7.369200140237808228e-02
-1.070313975214958191e-01 -3.898437917232513428e-01 -1.457940042018890381e-02
-1.127605363726615906e-01 -3.960939347743988037e-01 -2.247333340346813202e-02
9.151799976825714111e-02 -5.184152722358703613e-01 -3.850871324539184570e-02
-1.171879991888999939e-01 -3.808589875698089600e-01 -1.962099969387054443e-02
9.466905891895294189e-02 -4.655331075191497803e-01 -2.455599978566169739e-02
1.679686009883880615e-01 -3.769530057907104492e-01 2.824619971215724945e-02
-3.515600040555000305e-02 -3.300780057907104492e-01 -1.477499958127737045e-03
1.328123956918716431e-01 -5.878907442092895508e-01 -2.513189986348152161e-02
1.160715743899345398e-01 -3.763949871063232422e-01 3.804457187652587891e-02
6.770800054073333740e-02 -3.736979961395263672e-01 -2.707416750490665436e-02
6.210939958691596985e-02 -3.777342140674591064e-01 -4.352030158042907715e-02
5.078100040555000305e-02 -3.710939884185791016e-01 -5.086199939250946045e-02
-1.015620026737451553e-02 -3.781248033046722412e-01 -6.216119974851608276e-02
-3.125000000000000000e-02 -5.292969942092895508e-01 -8.595850318670272827e-02
-1.171899959444999695e-02 -3.710939884185791016e-01 -5.113499984145164490e-02
-4.557299986481666565e-02 -3.723959922790527344e-01 -1.568900048732757568e-02
-9.096000343561172485e-02 -3.727680146694183350e-01 2.290428616106510162e-03
1.480825394392013550e-01 -7.436081171035766602e-01 -6.493690609931945801e-02
1.953119933605194092e-01 -4.804686605930328369e-01 -1.633066684007644653e-02
-1.210940033197402954e-01 -4.433589875698089600e-01 -5.063699930906295776e-02
1.145834475755691528e-01 -6.061196923255920410e-01 -4.029100015759468079e-02
-1.562500000000000000e-02 -3.671880066394805908e-01 -3.567900136113166809e-02
-4.067082330584526062e-02 -6.408547759056091309e-01 -1.294141113758087158e-01
4.921859875321388245e-02 -3.585937917232513428e-01 -4.352780058979988098e-02
-2.901799976825714111e-02 -3.906251490116119385e-01 -3.197742998600006104e-02
1.552734971046447754e-01 -3.095704913139343262e-01 5.167350172996520996e-02
-1.523440033197402954e-01 -2.968750000000000000e-01 -3.548900038003921509e-02
1.861979961395263672e-01 -3.528643250465393066e-01 -2.426333259791135788e-03
1.152345016598701477e-01 -3.593750000000000000e-01 3.920865058898925781e-02
9.765616804361343384e-02 -4.824217855930328369e-01 -2.546716667711734772e-02
1.054690033197402954e-01 -3.535155057907104492e-01 3.603199869394302368e-02
7.952014356851577759e-02 -3.599330782890319824e-01 1.033850014209747314e-02
-1.136069148778915405e-01 -4.319662451744079590e-01 -3.935249894857406616e-02
-1.210940033197402954e-01 -6.191409826278686523e-01 -1.178689971566200256e-01
9.619124978780746460e-02 -7.280272245407104492e-01 -9.824024885892868042e-02
5.078100040555000305e-02 -3.515619933605194092e-01 -2.925799973309040070e-02
-1.060271449387073517e-02 -3.577008545398712158e-01 -4.460257291793823242e-02
-2.308250032365322113e-02 -3.595525324344635010e-01 -2.446886338293552399e-02
1.979166716337203979e-01 -6.074216961860656738e-01 -7.611683011054992676e-02
1.621090024709701538e-01 -2.558592557907104492e-01 5.455462634563446045e-02
-4.101549834012985229e-02 -5.175782442092895508e-01 -7.594556361436843872e-02
-7.811999879777431488e-03 -3.769530057907104492e-01 -7.212249934673309326e-02
-1.064454987645149231e-01 -3.544920086860656738e-01 2.242750022560358047e-03
-1.210940033197402954e-01 -3.574217557907104492e-01 -1.403000019490718842e-02
-1.367190033197402954e-01 -3.593750000000000000e-01 -5.765939876437187195e-02
-3.645800054073333740e-02 -6.243489980697631836e-01 -1.249184980988502502e-01
-1.406250000000000000e-01 -3.515619933605194092e-01 -5.180599913001060486e-02
1.679686009883880615e-01 -5.351561903953552246e-01 -9.296120144426822662e-03
7.421900331974029541e-02 -3.457030057907104492e-01 1.570449955761432648e-02
-1.162112504243850708e-01 -3.447265028953552246e-01 -2.247500000521540642e-03
-5.078100040555000305e-02 -8.398439884185791016e-01 -1.792639940977096558e-01
0.000000000000000000e+00 -3.398439884185791016e-01 -7.148800045251846313e-02
1.328123956918716431e-01 -8.847655057907104492e-01 3.114279918372631073e-02
-4.464285820722579956e-02 -4.453122913837432861e-01 -4.972914233803749084e-02
-3.125000000000000000e-02 -7.617185711860656738e-01 -1.697677969932556152e-01
1.632809937000274658e-01 -3.410157859325408936e-01 3.782390058040618896e-02
1.328123956918716431e-01 -3.417969942092895508e-01 4.475900158286094666e-02
1.796880066394805908e-01 -4.765619933605194092e-01 9.889999637380242348e-04
1.015623658895492554e-01 -3.405541777610778809e-01 3.826163709163665771e-02
1.351561397314071655e-01 -6.929686069488525391e-01 -4.977700114250183105e-02
5.598999932408332825e-02 -3.658856749534606934e-01 -4.061099886894226074e-02
8.091528713703155518e-02 -3.412390053272247314e-01 2.419435791671276093e-02
6.608050316572189331e-02 -3.408204913139343262e-01 9.374166838824748993e-03
1.835940033197402954e-01 -4.296875894069671631e-01 7.272200193256139755e-03
5.078100040555000305e-02 -3.378910124301910400e-01 -1.395950000733137131e-02
4.644099995493888855e-02 -3.420140147209167480e-01 -2.617622166872024536e-02
-9.114333428442478180e-03 -3.430989980697631836e-01 -4.285050183534622192e-02
-1.171899959444999695e-02 -3.378910124301910400e-01 -3.387099876999855042e-02
-5.664068832993507385e-02 -5.729979872703552246e-01 -9.008199721574783325e-02
1.180557757616043091e-01 -4.262153208255767822e-01 2.043066732585430145e-02
-2.812520042061805725e-02 -3.410157859325408936e-01 -1.284210011363029480e-02
-3.828100115060806274e-02 -3.425782024860382080e-01 -4.237799905240535736e-03
-4.132389649748802185e-02 -5.347449779510498047e-01 -8.188636600971221924e-02
-9.375000000000000000e-02 -3.593750000000000000e-01 7.650760002434253693e-03
9.627746790647506714e-02 -5.530791878700256348e-01 -4.225394129753112793e-02
1.503907442092895508e-01 -6.582030057907104492e-01 -4.021487385034561157e-02
-4.557299986481666565e-02 -3.404949903488159180e-01 3.439166583120822906e-03
-5.468766763806343079e-02 -8.385419845581054688e-01 -1.660840064287185669e-01
-2.604000037536025047e-03 -3.430989980697631836e-01 -6.128650158643722534e-02
-3.819422051310539246e-02 -4.487846791744232178e-01 -5.521244555711746216e-02
-5.818263068795204163e-02 -3.421053588390350342e-01 1.207994762808084488e-02
-8.789099752902984619e-02 -3.378910124301910400e-01 1.901750080287456512e-02
1.041666641831398010e-01 -4.075520038604736328e-01 1.989666745066642761e-02
-1.113282516598701477e-01 -4.824217557907104492e-01 -5.732112377882003784e-02
-7.617174834012985229e-02 -6.054685711860656738e-01 -9.975489974021911621e-02
-1.097005829215049744e-01 -3.408204913139343262e-01 5.067499820142984390e-03
1.816409975290298462e-01 -2.070313394069671631e-01 3.990083187818527222e-02
-1.236980035901069641e-01 -3.411459922790527344e-01 -9.827777743339538574e-03
1.203128024935722351e-01 -5.164064168930053711e-01 -1.570820063352584839e-02
-7.617174834012985229e-02 -4.472655057907104492e-01 -3.844650089740753174e-02
-1.406250000000000000e-01 -3.359380066394805908e-01 -7.653299719095230103e-02
1.953119933605194092e-01 -4.121089875698089600e-01 -1.965600065886974335e-02
-1.729900017380714417e-02 -4.308037161827087402e-01 -9.393756836652755737e-02
8.984400331974029541e-02 -3.320310115814208984e-01 3.440399840474128723e-02
-5.694910511374473572e-02 -4.313323795795440674e-01 -3.840231522917747498e-02
1.803389936685562134e-01 -3.229165077209472656e-01 2.788216620683670044e-02
1.835940033197402954e-01 -3.300780057907104492e-01 -1.556100044399499893e-02
-1.104911416769027710e-01 -2.709264159202575684e-01 2.211907133460044861e-02
1.848960071802139282e-01 -2.701823413372039795e-01 2.769033424556255341e-02
-1.328119933605194092e-01 -5.917969942092895508e-01 -1.277595013380050659e-01
-1.015620008111000061e-01 -6.992189884185791016e-01 -1.575559973716735840e-01
-1.005854979157447815e-01 -3.291015028953552246e-01 1.609849929809570312e-02
8.515659719705581665e-02 -3.757812082767486572e-01 4.038599785417318344e-03
1.669032722711563110e-01 -3.236859142780303955e-01 4.210058972239494324e-02
-1.261717975139617920e-01 -3.593750000000000000e-01 -2.516680024564266205e-02
-1.349825561046600342e-01 -3.953994512557983398e-01 -5.905411019921302795e-02
-4.296866804361343384e-02 -6.933592557907104492e-01 -1.475050896406173706e-01
-1.406250000000000000e-01 -4.433589875698089600e-01 -8.573450148105621338e-02
6.814199686050415039e-02 -3.220484554767608643e-01 2.100611105561256409e-02
-2.539099939167499542e-02 -7.402344942092895508e-01 -1.959892511367797852e-01
1.210940033197402954e-01 -3.164060115814208984e-01 5.275800079107284546e-02
7.942716777324676514e-02 -3.248696625232696533e-01 2.932683378458023071e-02
-6.347250193357467651e-03 -3.227537572383880615e-01 -4.391974955797195435e-02
-4.687500000000000000e-02 -5.976560115814208984e-01 -1.039929986000061035e-01
8.593799918889999390e-02 -3.183589875698089600e-01 3.598299995064735413e-02
-1.171899959444999695e-02 -3.242186009883880615e-01 -3.024839982390403748e-02
-2.604183368384838104e-02 -3.235675692558288574e-01 -8.941111154854297638e-03
8.984400331974029541e-02 -8.437500000000000000e-01 -1.985000073909759521e-02
-1.083984971046447754e-01 -6.752931475639343262e-01 -1.481575071811676025e-01
-2.929699979722499847e-02 -4.472655057907104492e-01 -6.212087348103523254e-02
-5.295144394040107727e-02 -3.263887763023376465e-01 1.499999966472387314e-02
1.614580005407333374e-01 -2.701823413372039795e-01 5.397683382034301758e-02
1.839845925569534302e-01 -6.406250000000000000e-01 -6.015659868717193604e-02
-7.617174834012985229e-02 -7.089844942092895508e-01 -1.340550631284713745e-01
-9.244800359010696411e-02 -3.232885301113128662e-01 2.141823805868625641e-02
-3.776011243462562561e-02 -2.721355557441711426e-01 1.423244457691907883e-02
1.004462838172912598e-01 -8.537945747375488281e-01 5.553000140935182571e-03
7.031200081110000610e-02 -4.218750000000000000e-01 -6.104499846696853638e-02
-5.859379842877388000e-02 -5.000000000000000000e-01 -6.185428053140640259e-02
-1.289059966802597046e-01 -6.093750000000000000e-01 -1.291553378105163574e-01
-1.113282516598701477e-01 -3.242186009883880615e-01 1.035309955477714539e-02
-1.293943822383880615e-01 -3.239744305610656738e-01 -8.340812288224697113e-03
-1.308590024709701538e-01 -3.769530057907104492e-01 -4.396787658333778381e-02
8.007825165987014771e-02 -2.714844942092895508e-01 4.423237591981887817e-02
1.809899955987930298e-01 -6.569010019302368164e-01 -6.346832960844039917e-02
3.906200081110000610e-02 -3.085939884185791016e-01 -2.168600074946880341e-02
-4.882500041276216507e-03 -3.593750000000000000e-01 -6.104212626814842224e-02
-1.406250000000000000e-01 -4.375000000000000000e-01 -8.672299981117248535e-02
-1.562500000000000000e-02 -3.085939884185791016e-01 -1.856366731226444244e-02
1.210940033197402954e-01 -5.996090173721313477e-01 -3.362299874424934387e-02
1.328123956918716431e-01 -3.769530057907104492e-01 3.931954875588417053e-02
1.796880066394805908e-01 -2.558592557907104492e-01 4.036350175738334656e-02
1.796880066394805908e-01 -3.007810115814208984e-01 3.556500002741813660e-02
1.914059966802597046e-01 -2.558592557907104492e-01 4.105750005692243576e-03
9.798170626163482666e-02 -3.238930702209472656e-01 4.157529026269912720e-02
1.627600044012069702e-01 -7.903643250465393066e-01 -1.072203367948532104e-01
1.152345016598701477e-01 -3.417969942092895508e-01 4.295462369918823242e-02
8.007799834012985229e-02 -4.296876788139343262e-01 -4.269649833440780640e-02
9.765619784593582153e-02 -3.066407442092895508e-01 4.615680128335952759e-02
8.349625021219253540e-02 -3.051758706569671631e-01 3.829587623476982117e-02
7.421900331974029541e-02 -3.652344942092895508e-01 -2.827499993145465851e-03
8.984400331974029541e-02 -2.617189884185791016e-01 5.256599932909011841e-02
-6.054700165987014771e-02 -7.089844942092895508e-01 -1.366589963436126709e-01
5.598999932408332825e-02 -3.079428374767303467e-01 1.449500024318695068e-02
4.101549834012985229e-02 -3.072918355464935303e-01 -6.940666586160659790e-03
-1.718750000000000000e-01 -8.496094942092895508e-01 -3.585350140929222107e-02
3.905999939888715744e-03 -3.066407442092895508e-01 -6.400275230407714844e-02
-7.747383415699005127e-02 -3.723959922790527344e-01 2.228500088676810265e-03
1.503907442092895508e-01 -5.175782442092895508e-01 -2.635125070810317993e-03
-1.630855053663253784e-01 -2.558592557907104492e-01 -4.182524979114532471e-02
1.145834475755691528e-01 -6.764324307441711426e-01 -5.919549986720085144e-02
0.000000000000000000e+00 -2.460940033197402954e-01 -3.586700186133384705e-02
9.687480330467224121e-02 -6.734375953674316406e-01 -9.269940108060836792e-02
3.906200081110000610e-02 -2.070313394069671631e-01 3.370466828346252441e-02
-7.656239718198776245e-02 -2.203124016523361206e-01 3.664679825305938721e-02
9.401039779186248779e-02 -5.361978411674499512e-01 -4.000886529684066772e-02
-8.203099668025970459e-02 -8.203120231628417969e-01 -8.670400083065032959e-02
1.796880066394805908e-01 -3.769530057907104492e-01 2.129825018346309662e-02
1.914059966802597046e-01 -2.402344942092895508e-01 1.193000003695487976e-02
1.875000000000000000e-01 -2.890624105930328369e-01 7.162199821323156357e-03
1.804692000150680542e-01 -5.320311784744262695e-01 -1.523859985172748566e-02
-7.670445740222930908e-02 -6.558949351310729980e-01 -1.202295422554016113e-01
6.900999695062637329e-02 -3.528643250465393066e-01 4.279999993741512299e-03
1.718750000000000000e-01 -2.382813990116119385e-01 4.834626615047454834e-02
-5.859000142663717270e-03 -2.558592557907104492e-01 -2.771237492561340332e-02
1.881510019302368164e-01 -2.369793355464935303e-01 2.635999955236911774e-02
8.398450165987014771e-02 -4.824217557907104492e-01 -4.537487402558326721e-02
1.344400048255920410e-01 -2.076824158430099487e-01 6.878449767827987671e-02
-1.015620008111000061e-01 -4.023439884185791016e-01 -1.806399971246719360e-02
2.044270038604736328e-01 -4.680989980697631836e-01 -3.952683508396148682e-02
1.816409975290298462e-01 -2.382813990116119385e-01 3.858700022101402283e-02
1.796880066394805908e-01 -2.890624105930328369e-01 3.771639987826347351e-02
7.812500000000000000e-02 -4.824217557907104492e-01 -5.751850083470344543e-02
8.376755565404891968e-02 -2.361112236976623535e-01 5.435388907790184021e-02
-1.083984971046447754e-01 -2.880858480930328369e-01 2.053508348762989044e-02
1.328123956918716431e-01 -2.382813990116119385e-01 6.595388054847717285e-02
9.062519669532775879e-02 -2.726564109325408936e-01 5.099439993500709534e-02
9.988799691200256348e-02 -6.573659777641296387e-01 -7.829885929822921753e-02
1.503907442092895508e-01 -2.382813990116119385e-01 6.100795045495033264e-02
1.718750000000000000e-01 -2.207030057907104492e-01 4.886199906468391418e-02
5.970999971032142639e-02 -2.720425724983215332e-01 3.024164214730262756e-02
1.549479961395263672e-01 -6.979166865348815918e-01 -5.303933471441268921e-02
9.765619784593582153e-02 -2.070313394069671631e-01 6.600099802017211914e-02
9.765599668025970459e-02 -7.089844942092895508e-01 -9.364025294780731201e-02
-1.067709997296333313e-01 -7.838540077209472656e-01 -1.173866689205169678e-01
1.445309966802597046e-01 -8.964844942092895508e-01 2.090949937701225281e-02
7.421900331974029541e-02 -2.265619933605194092e-01 5.260000005364418030e-02
8.593799918889999390e-02 -8.945310115814208984e-01 1.188599970191717148e-02
-1.250000000000000000e-01 -4.648438096046447754e-01 -6.272933632135391235e-02
-1.457031965255737305e-01 -8.367189764976501465e-01 -4.418670013546943665e-02
1.894530057907104492e-01 -2.207030057907104492e-01 2.615649998188018799e-02
-1.640623956918716431e-01 -8.378909826278686523e-01 -4.310230165719985962e-02
-6.066182255744934082e-02 -3.573068678379058838e-01 5.641882307827472687e-03
-7.617174834012985229e-02 -4.648438096046447754e-01 -4.465429857373237610e-02
-7.617174834012985229e-02 -6.757814288139343262e-01 -1.266330480575561523e-01
1.503907442092895508e-01 -2.070313394069671631e-01 6.331949681043624878e-02
4.622391611337661743e-02 -3.242186605930328369e-01 -9.183083660900592804e-03
1.863840073347091675e-01 -3.950894176959991455e-01 8.102499879896640778e-03
-3.645800054073333740e-02 -6.595050096511840820e-01 -1.440146714448928833e-01
-4.184999968856573105e-03 -2.377233505249023438e-01 -2.655092813074588776e-02
1.035154983401298523e-01 -6.757814288139343262e-01 -7.714150100946426392e-02
-9.525230526924133301e-02 -3.792064487934112549e-01 -2.742923097684979439e-03
1.328123956918716431e-01 -5.000000000000000000e-01 -5.517200101166963577e-03
1.624996960163116455e-01 -6.742188930511474609e-01 -4.935939982533454895e-02
-4.374999925494194031e-02 -2.550779879093170166e-01 2.076759934425354004e-02
1.503907442092895508e-01 -2.558592557907104492e-01 5.976093932986259460e-02
-3.645800054073333740e-02 -2.571613192558288574e-01 1.515183318406343460e-02
-6.380199640989303589e-02 -4.244791567325592041e-01 -3.280783444643020630e-02
1.310368180274963379e-01 -3.895597159862518311e-01 3.653736412525177002e-02
1.861979961395263672e-01 -3.248696625232696533e-01 -2.196899987757205963e-02
-1.484376639127731323e-01 -8.177080154418945312e-01 -9.463166445493698120e-02
1.796880066394805908e-01 -2.714844942092895508e-01 3.986949846148490906e-02
-1.171879991888999939e-01 -2.753910124301910400e-01 1.697699911892414093e-02
-9.960900247097015381e-02 -6.933591961860656738e-01 -1.465255022048950195e-01
-5.078100040555000305e-02 -7.089844942092895508e-01 -1.416745036840438843e-01
-1.254882514476776123e-01 -2.885741293430328369e-01 6.571874953806400299e-03
1.554688066244125366e-01 -7.453125715255737305e-01 -7.264400273561477661e-02
1.549479961395263672e-01 -8.450520038604736328e-01 -4.020133242011070251e-02
2.005210071802139282e-01 -2.220049947500228882e-01 -1.367066707462072372e-02
-1.113282516598701477e-01 -6.230469942092895508e-01 -1.121817529201507568e-01
1.953119933605194092e-01 -2.207030057907104492e-01 5.193499848246574402e-03
-5.338549986481666565e-02 -5.208334922790527344e-01 -7.115133106708526611e-02
1.469727456569671631e-01 -3.754882514476776123e-01 3.674862533807754517e-02
-5.224612355232238770e-02 -7.954100966453552246e-01 -1.260956227779388428e-01
1.816409975290298462e-01 -2.207030057907104492e-01 3.959500044584274292e-02
-1.562500000000000000e-02 -8.144530057907104492e-01 -2.006682455539703369e-01
-1.321610063314437866e-01 -3.606771528720855713e-01 -4.246233403682708740e-02
-7.031200081110000610e-02 -8.398439884185791016e-01 -1.296990066766738892e-01
-2.734399959444999695e-02 -2.558592557907104492e-01 6.435666698962450027e-03
1.503907442092895508e-01 -5.351561903953552246e-01 -6.909050047397613525e-03
7.421699818223714828e-03 -2.195311933755874634e-01 -3.153619915246963501e-02
9.765619784593582153e-02 -2.207030057907104492e-01 6.343155354261398315e-02
-9.375000000000000000e-02 -4.648438096046447754e-01 -4.471547901630401611e-02
1.796880066394805908e-01 -6.367186903953552246e-01 -5.036233365535736084e-02
-2.578159980475902557e-02 -7.796875834465026855e-01 -1.822060048580169678e-01
-1.347655057907104492e-01 -4.648438096046447754e-01 -7.594879716634750366e-02
0.000000000000000000e+00 -3.066407442092895508e-01 -5.656899884343147278e-02
3.515600040555000305e-02 -2.343750000000000000e-01 2.054600045084953308e-02
-3.955062478780746460e-02 -2.895506918430328369e-01 1.306600030511617661e-02
6.163199990987777710e-02 -2.211370021104812622e-01 4.817361012101173401e-02
-1.004457101225852966e-02 -3.058037161827087402e-01 -2.855357155203819275e-02
-1.367190033197402954e-01 -4.296875894069671631e-01 -8.198600262403488159e-02
1.210940033197402954e-01 -5.273439884185791016e-01 -1.727499999105930328e-02
0.000000000000000000e+00 -2.714844942092895508e-01 -4.326725006103515625e-02
1.660155057907104492e-01 -7.246092557907104492e-01 -7.629537582397460938e-02
9.492190182209014893e-02 -8.625000119209289551e-01 1.317949965596199036e-02
-3.996377065777778625e-02 -3.780046105384826660e-01 -2.181561477482318878e-02
-3.515600040555000305e-02 -8.203120231628417969e-01 -1.589670032262802124e-01
-1.347655057907104492e-01 -2.207030057907104492e-01 1.456550043076276779e-02
-2.083344385027885437e-02 -4.466144442558288574e-01 -7.802888751029968262e-02
-6.176762655377388000e-02 -3.229978680610656738e-01 2.063506282866001129e-02
7.421900331974029541e-02 -2.949219942092895508e-01 3.449499979615211487e-02
1.901039928197860718e-01 -6.419271826744079590e-01 -7.812566310167312622e-02
-9.416116029024124146e-02 -8.147613406181335449e-01 -7.979973405599594116e-02
4.817700013518333435e-02 -2.200520038604736328e-01 3.943166509270668030e-02
-1.613277941942214966e-01 -2.382813990116119385e-01 -2.467890083789825439e-02
4.073642939329147339e-02 -2.215400040149688721e-01 3.179171308875083923e-02
-1.171879991888999939e-01 -4.160155057907104492e-01 -3.619249910116195679e-02
1.030272468924522400e-01 -2.856443822383880615e-01 5.438087508082389832e-02
8.593799918889999390e-02 -3.886719942092895508e-01 7.375000277534127235e-04
-1.562500000000000000e-02 -4.824217557907104492e-01 -9.381324797868728638e-02
9.765599668025970459e-02 -6.933592557907104492e-01 -9.314700216054916382e-02
-7.617174834012985229e-02 -6.933592557907104492e-01 -1.311400681734085083e-01
-4.296866804361343384e-02 -2.382813990116119385e-01 2.235299907624721527e-02
-4.427083209156990051e-02 -8.268229961395263672e-01 -1.510903388261795044e-01
3.320299834012985229e-02 -2.207030057907104492e-01 2.239475026726722717e-02
1.503907442092895508e-01 -5.527344942092895508e-01 -1.180062536150217056e-02
-6.510222330689430237e-03 -2.070313394069671631e-01 -8.824221789836883545e-03
-2.095181867480278015e-02 -2.073864489793777466e-01 9.711454622447490692e-03
1.855469942092895508e-01 -3.417969942092895508e-01 -9.827124886214733124e-03
1.562500000000000000e-02 -2.343750000000000000e-01 5.307000130414962769e-03
1.031249016523361206e-01 -6.390624046325683594e-01 -6.317079812288284302e-02
1.894530057907104492e-01 -2.070313394069671631e-01 2.744133397936820984e-02
9.793514013290405273e-02 -4.126672744750976562e-01 9.601143188774585724e-03
-1.228300034999847412e-01 -2.374133318662643433e-01 2.052144519984722137e-02
-1.367190033197402954e-01 -5.527344942092895508e-01 -1.100554987788200378e-01
3.905999939888715744e-03 -2.877603471279144287e-01 -6.276733428239822388e-02
1.899412572383880615e-01 -5.717772245407104492e-01 -3.833600133657455444e-02
-5.859379842877388000e-02 -6.757814288139343262e-01 -1.315301209688186646e-01
-2.604000037536025047e-03 -2.213539928197860718e-01 -2.294922247529029846e-02
1.054690033197402954e-01 -6.171879768371582031e-01 -5.214300006628036499e-02
-1.171899959444999695e-02 -2.382813990116119385e-01 -1.435920037329196930e-02
-1.515627950429916382e-01 -2.726564109325408936e-01 -2.147159911692142487e-02
4.882799834012985229e-02 -3.593750000000000000e-01 -5.446400120854377747e-02
-1.523440033197402954e-01 -2.089844942092895508e-01 -6.389999762177467346e-04
-1.562500000000000000e-01 -2.695313394069671631e-01 -3.004866652190685272e-02
1.867188066244125366e-01 -6.570311784744262695e-01 -7.704360038042068481e-02
1.263020038604736328e-01 -2.044270038604736328e-01 7.075733691453933716e-02
1.132812872529029846e-01 -2.087055742740631104e-01 6.971085816621780396e-02
-1.347655057907104492e-01 -3.417969942092895508e-01 -4.220474883913993835e-02
1.679686009883880615e-01 -4.472655057907104492e-01 1.230564992874860764e-02
1.035154983401298523e-01 -6.933592557907104492e-01 -8.046100288629531860e-02
8.482171595096588135e-02 -4.280134141445159912e-01 -2.683114260435104370e-02
-1.406250000000000000e-01 -3.437500000000000000e-01 -5.865700170397758484e-02
-2.539099939167499542e-02 -7.324219942092895508e-01 -2.040755003690719604e-01
1.149261072278022766e-01 -5.355673432350158691e-01 -2.325621061027050018e-02
-1.295069158077239990e-01 -4.305890798568725586e-01 -6.146145984530448914e-02
-4.492200165987014771e-02 -7.968750000000000000e-01 -1.358478963375091553e-01
-1.692700013518333435e-02 -8.346356749534606934e-01 -2.150326669216156006e-01
9.288199990987777710e-02 -3.433159887790679932e-01 3.232877701520919800e-02
1.729909926652908325e-01 -2.075894325971603394e-01 4.850128665566444397e-02
1.035154983401298523e-01 -7.089844942092895508e-01 -8.110237866640090942e-02
1.328123956918716431e-01 -8.492185473442077637e-01 -8.758333511650562286e-03
-7.161433249711990356e-02 -4.361979961395263672e-01 -3.548566624522209167e-02
-1.004457101225852966e-02 -2.198659926652908325e-01 -1.156957168132066727e-02
2.031250000000000000e-01 -2.167969942092895508e-01 -2.176949940621852875e-02
-9.765500202775001526e-03 -5.703125000000000000e-01 -1.461825072765350342e-01
1.632809937000274658e-01 -6.222658157348632812e-01 -3.247769922018051147e-02
-4.101549834012985229e-02 -3.945313990116119385e-01 -2.694074995815753937e-02
1.992190033197402954e-01 -2.304690033197402954e-01 -1.756099984049797058e-02
-7.617174834012985229e-02 -5.527344942092895508e-01 -7.785931229591369629e-02
1.855469942092895508e-01 -2.558592557907104492e-01 2.866975031793117523e-02
1.828127950429916382e-01 -5.167970061302185059e-01 -1.237250026315450668e-02
1.706541925668716431e-01 -4.316407442092895508e-01 1.491000037640333176e-02
-7.617174834012985229e-02 -3.945313990116119385e-01 -1.143174991011619568e-02
3.203120082616806030e-02 -2.726564109325408936e-01 -7.405399810522794724e-03
8.496125042438507080e-02 -3.544920086860656738e-01 2.083224989473819733e-02
1.757809966802597046e-01 -3.281250000000000000e-01 3.377333283424377441e-02
-1.718750000000000000e-01 -2.226559966802597046e-01 -5.320199951529502869e-02
-1.562500000000000000e-02 -4.511719942092895508e-01 -1.094959974288940430e-01
1.035154983401298523e-01 -7.265623807907104492e-01 -7.999280095100402832e-02
-9.521474689245223999e-02 -3.427734971046447754e-01 1.378587540239095688e-02
8.281259983777999878e-02 -8.507812023162841797e-01 -2.578379958868026733e-02
1.179689988493919373e-01 -2.046874016523361206e-01 7.084059715270996094e-02
-9.375000000000000000e-02 -2.070313394069671631e-01 3.775486722588539124e-02
-4.101549834012985229e-02 -3.066407442092895508e-01 1.114262454211711884e-02
1.484376937150955200e-01 -8.144530057907104492e-01 -5.984330177307128906e-02
-1.653644442558288574e-01 -2.213539928197860718e-01 -2.582077868282794952e-02
-1.054690033197402954e-01 -6.953120231628417969e-01 -1.556580066680908203e-01
-1.236980035901069641e-01 -4.114582240581512451e-01 -4.439922049641609192e-02
-1.218751966953277588e-01 -3.210935890674591064e-01 2.220399910584092140e-03
-1.171899959444999695e-02 -2.031250000000000000e-01 1.157999970018863678e-03
-3.027350082993507385e-02 -2.060547471046447754e-01 2.018875069916248322e-02
1.718750000000000000e-01 -2.558592557907104492e-01 4.789758473634719849e-02
1.162685304880142212e-01 -5.696230530738830566e-01 -3.011417575180530548e-02
1.009613871574401855e-01 -5.171275138854980469e-01 -2.969715371727943420e-02
1.328123956918716431e-01 -4.121092557907104492e-01 2.986730076372623444e-02
1.503907442092895508e-01 -5.664060115814208984e-01 -1.566475071012973785e-02
-9.863249957561492920e-02 -7.744144797325134277e-01 -1.274919956922531128e-01
-5.900499969720840454e-02 -3.766446411609649658e-01 -9.058737196028232574e-03
-5.744494125247001648e-02 -2.215071767568588257e-01 3.235435113310813904e-02
1.328123956918716431e-01 -2.890624105930328369e-01 5.867915973067283630e-02
1.503907442092895508e-01 -6.230469942092895508e-01 -3.012418746948242188e-02
-1.217449977993965149e-01 -3.932293355464935303e-01 -3.103950060904026031e-02
1.855469942092895508e-01 -3.769530057907104492e-01 1.014174986630678177e-02
4.817700013518333435e-02 -3.059896528720855713e-01 6.259333342313766479e-03
-9.342449903488159180e-02 -3.942058682441711426e-01 -1.077499985694885254e-02
1.998700052499771118e-01 -4.635416567325592041e-01 -2.317550033330917358e-02
9.765619784593582153e-02 -2.382813990116119385e-01 6.037908047437667847e-02
9.319200366735458374e-02 -7.444196939468383789e-01 -9.784428775310516357e-02
-4.101549834012985229e-02 -2.207030057907104492e-01 2.379318699240684509e-02
-3.125000000000000000e-02 -6.425782442092895508e-01 -1.442092508077621460e-01
1.914059966802597046e-01 -3.828119933605194092e-01 -4.102000035345554352e-03
1.152345016598701477e-01 -8.125000000000000000e-01 -4.053825139999389648e-02
-5.338549986481666565e-02 -2.083335071802139282e-01 3.368583321571350098e-02
-3.515600040555000305e-02 -2.382813990116119385e-01 1.624899916350841522e-02
-5.208333209156990051e-02 -6.471356749534606934e-01 -1.235033348202705383e-01
8.359380066394805908e-02 -8.367189764976501465e-01 -4.509159922599792480e-02
-5.598966777324676514e-02 -3.971355855464935303e-01 -2.018160000443458557e-02
5.566449835896492004e-02 -2.587890028953552246e-01 3.296225145459175110e-02
1.972655057907104492e-01 -4.335939884185791016e-01 -2.108849957585334778e-02
1.757809966802597046e-01 -6.113280057907104492e-01 -3.660900145769119263e-02
-5.997252836823463440e-02 -6.930145621299743652e-01 -1.350113600492477417e-01
5.963559821248054504e-02 -3.249998688697814941e-01 1.074639987200498581e-02
0.000000000000000000e+00 -2.089844942092895508e-01 -1.910449936985969543e-02
1.852679997682571411e-01 -3.621652722358703613e-01 5.407857242971658707e-03
-1.718750000000000000e-01 -2.070313394069671631e-01 -3.736033290624618530e-02
-7.573772221803665161e-02 -2.391494512557983398e-01 3.393911197781562805e-02
9.232963621616363525e-02 -3.952416479587554932e-01 1.118936389684677124e-02
1.538087427616119385e-01 -3.784177601337432861e-01 3.378062322735786438e-02
-7.617174834012985229e-02 -7.265623807907104492e-01 -1.357790529727935791e-01
-1.423610001802444458e-01 -2.881943285465240479e-01 -1.241611130535602570e-02
1.100260019302368164e-01 -6.419271826744079590e-01 -5.464383214712142944e-02
-3.905999939888715744e-03 -3.632810115814208984e-01 -7.258000224828720093e-02
-2.283669263124465942e-02 -3.061900138854980469e-01 -8.006538264453411102e-03
-1.118609085679054260e-01 -2.073864489793777466e-01 3.211545571684837341e-02
-7.670445740222930908e-02 -3.394889235496520996e-01 1.963427290320396423e-02
-7.617174834012985229e-02 -2.070313394069671631e-01 3.869683295488357544e-02
1.445309966802597046e-01 -7.792969942092895508e-01 -6.765549629926681519e-02
1.914059966802597046e-01 -3.945314884185791016e-01 -6.792000029236078262e-03
1.104910001158714294e-01 -5.016739964485168457e-01 -1.915785670280456543e-02
-4.374999925494194031e-02 -6.574218273162841797e-01 -1.343009024858474731e-01
3.046879917383193970e-02 -2.066407054662704468e-01 2.407819963991641998e-02
6.528999656438827515e-02 -3.060827255249023438e-01 2.394514344632625580e-02
1.562500000000000000e-01 -3.671880066394805908e-01 3.513099998235702515e-02
-1.569010019302368164e-01 -2.877603471279144287e-01 -4.017699882388114929e-02
5.078100040555000305e-02 -3.183589875698089600e-01 2.804999938234686852e-03
1.004462838172912598e-01 -3.763949871063232422e-01 2.689264342188835144e-02
1.826175004243850708e-01 -5.693358182907104492e-01 -2.957474999129772186e-02
-1.171899959444999695e-02 -4.511719942092895508e-01 -1.119740009307861328e-01
-1.150175556540489197e-01 -4.670138955116271973e-01 -5.511077865958213806e-02
-2.578140050172805786e-02 -2.203124016523361206e-01 9.627733379602432251e-03
-3.515600040555000305e-02 -7.578123211860656738e-01 -1.582633405923843384e-01
8.482171595096588135e-02 -6.060267090797424316e-01 -7.917571067810058594e-02
1.005857512354850769e-01 -6.230469942092895508e-01 -6.062133237719535828e-02
9.765599668025970459e-02 -6.796879768371582031e-01 -1.055760011076927185e-01
-1.590400040149688721e-01 -2.064732909202575684e-01 -9.298857301473617554e-03
-1.507816016674041748e-01 -3.070313930511474609e-01 -3.994439914822578430e-02
-7.254442572593688965e-02 -7.929685711860656738e-01 -1.077621430158615112e-01
7.812500000000000000e-02 -5.000000000000000000e-01 -5.592880025506019592e-02
-1.303708702325820923e-01 -5.869141221046447754e-01 -1.125507503747940063e-01
1.152345016598701477e-01 -2.714844942092895508e-01 6.097275018692016602e-02
8.984400331974029541e-02 -7.773439884185791016e-01 -9.171500056982040405e-02
-1.157228723168373108e-01 -2.905272543430328369e-01 1.495574973523616791e-02
-5.078100040555000305e-02 -3.125000000000000000e-01 1.754299923777580261e-02
1.953119933605194092e-01 -5.898439884185791016e-01 -5.534966662526130676e-02
-3.515600040555000305e-02 -6.933592557907104492e-01 -1.590140014886856079e-01
1.533205062150955200e-01 -7.958984375000000000e-01 -7.810908555984497070e-02
1.660155057907104492e-01 -7.402344942092895508e-01 -9.080024808645248413e-02
-2.622785791754722595e-02 -3.763949871063232422e-01 -2.823364362120628357e-02
-1.686198264360427856e-01 -2.356771677732467651e-01 -3.852916508913040161e-02
-1.664061993360519409e-01 -2.078126072883605957e-01 -2.307819947600364685e-02
-7.812492549419403076e-02 -7.989784479141235352e-01 -1.004705354571342468e-01
1.018413603305816650e-01 -3.939733505249023438e-01 2.404614351689815521e-02
-1.496096998453140259e-01 -2.890624105930328369e-01 -2.556039951741695404e-02
1.487631648778915405e-01 -3.056641519069671631e-01 5.397791787981987000e-02
-1.420897543430328369e-01 -2.368164956569671631e-01 3.530249930918216705e-03
-1.269530057907104492e-01 -2.070313394069671631e-01 2.359916642308235168e-02
-1.736100018024444580e-02 -5.008680224418640137e-01 -9.250810742378234863e-02
-7.617174834012985229e-02 -3.242186009883880615e-01 2.362995035946369171e-02
1.503908038139343262e-01 -8.496091961860656738e-01 -2.601400017738342285e-02
8.007825165987014771e-02 -2.070313394069671631e-01 5.949274823069572449e-02
-1.328123360872268677e-01 -4.824217557907104492e-01 -7.687707990407943726e-02
1.953119933605194092e-01 -2.070313394069671631e-01 1.092599984258413315e-02
-9.252937138080596924e-02 -4.812010526657104492e-01 -5.031068623065948486e-02
-1.102765351533889771e-01 -6.024637818336486816e-01 -1.015337705612182617e-01
1.328123956918716431e-01 -3.593750000000000000e-01 4.113779962062835693e-02
-1.250000000000000000e-01 -2.207030057907104492e-01 2.214733324944972992e-02
-1.469352245330810547e-01 -2.560094594955444336e-01 -7.942385040223598480e-03
8.593799918889999390e-02 -5.468750000000000000e-01 -5.186700075864791870e-02
1.503907442092895508e-01 -3.417969942092895508e-01 4.221581295132637024e-02
1.992190033197402954e-01 -2.070313394069671631e-01 -8.054666221141815186e-03
-9.863249957561492920e-02 -4.873045086860656738e-01 -5.348375067114830017e-02
-6.640599668025970459e-02 -5.273439884185791016e-01 -6.938300281763076782e-02
-1.132814288139343262e-01 -6.110489964485168457e-01 -1.069201454520225525e-01
7.700899988412857056e-02 -3.928572833538055420e-01 -2.575742825865745544e-02
-8.789099752902984619e-02 -2.304690033197402954e-01 3.535600006580352783e-02
-7.617174834012985229e-02 -2.714844942092895508e-01 3.012968786060810089e-02
-7.617174834012985229e-02 -5.175782442092895508e-01 -6.398662179708480835e-02
-1.323782205581665039e-01 -4.118922352790832520e-01 -6.141666695475578308e-02
1.819200068712234497e-01 -3.074778616428375244e-01 2.630885690450668335e-02
7.812333293259143829e-03 -2.070313394069671631e-01 -2.347999997437000275e-02
-1.210940033197402954e-01 -6.425780057907104492e-01 -1.417929977178573608e-01
-8.007799834012985229e-02 -4.062500000000000000e-01 -1.645500026643276215e-02
1.679686009883880615e-01 -5.175782442092895508e-01 -4.171700216829776764e-03
-1.757800020277500153e-02 -2.558592557907104492e-01 -6.239875219762325287e-03
-1.277341991662979126e-01 -3.945313990116119385e-01 -4.331079870462417603e-02
-9.375000000000000000e-02 -4.472655057907104492e-01 -3.799569979310035706e-02
-1.425780057907104492e-01 -4.824217557907104492e-01 -9.540549665689468384e-02
4.687199834734201431e-03 -2.546873986721038818e-01 -4.667060077190399170e-02
1.503907442092895508e-01 -4.824217557907104492e-01 4.573749843984842300e-03
-1.085069999098777771e-01 -6.371526718139648438e-01 -1.183617785573005676e-01
1.503907442092895508e-01 -3.945313990116119385e-01 3.132515028119087219e-02
-9.425947815179824829e-02 -2.389607429504394531e-01 3.308121860027313232e-02
1.093750000000000000e-01 -3.808589875698089600e-01 3.462349995970726013e-02
-8.593799918889999390e-02 -7.460939884185791016e-01 -1.382553279399871826e-01
2.031250000000000000e-01 -2.109380066394805908e-01 -2.668800018727779388e-02
1.311033815145492554e-01 -4.831541776657104492e-01 -2.907125046476721764e-03
-1.579239964485168457e-01 -2.550221383571624756e-01 -2.561871521174907684e-02
1.210940033197402954e-01 -6.699219942092895508e-01 -5.120100080966949463e-02
1.471354961395263672e-01 -5.052080154418945312e-01 -6.731666508130729198e-04
1.875000000000000000e-01 -2.753910124301910400e-01 1.528050005435943604e-02
1.562500000000000000e-02 -2.207030057907104492e-01 8.916500024497509003e-03
5.859000142663717270e-03 -2.734376788139343262e-01 -5.647400021553039551e-02
-1.437499970197677612e-01 -2.199217975139617920e-01 5.943600088357925415e-03
1.004462838172912598e-01 -8.150110244750976562e-01 -4.425685852766036987e-02
8.593799918889999390e-02 -5.859376788139343262e-01 -6.666633486747741699e-02
7.924100011587142944e-02 -3.761160075664520264e-01 -8.002142421901226044e-03
-1.562500000000000000e-02 -4.023439884185791016e-01 -7.319299876689910889e-02
9.296879917383193970e-02 -7.804688215255737305e-01 -7.664459943771362305e-02
-1.273435950279235840e-01 -5.531251430511474609e-01 -9.483599662780761719e-02
-2.414790913462638855e-02 -3.959518074989318848e-01 -4.113699868321418762e-02
-8.203099668025970459e-02 -8.300782442092895508e-01 -8.596549928188323975e-02
-4.070710390806198120e-02 -6.058797836303710938e-01 -1.117488965392112732e-01
1.796880066394805908e-01 -3.593750000000000000e-01 2.330560050904750824e-02
-1.113282516598701477e-01 -2.207030057907104492e-01 3.000937588512897491e-02
5.664100125432014465e-02 -3.789060115814208984e-01 -5.604450032114982605e-02
3.906200081110000610e-02 -2.949219942092895508e-01 -1.721499953418970108e-03
8.203099668025970459e-02 -8.437500000000000000e-01 -3.975600004196166992e-02
-5.078100040555000305e-02 -3.828119933605194092e-01 -1.762400008738040924e-02
-1.250000000000000000e-01 -6.289060115814208984e-01 -1.412100046873092651e-01
-6.510400027036666870e-02 -2.161460071802139282e-01 3.570200130343437195e-02
-9.074538201093673706e-02 -2.196513861417770386e-01 3.643530607223510742e-02
5.712924897670745850e-02 -3.432617485523223877e-01 -6.701374892145395279e-03
1.152345016598701477e-01 -2.207030057907104492e-01 6.819950044155120850e-02
6.250000000000000000e-02 -2.382813990116119385e-01 4.421719908714294434e-02
1.656248718500137329e-01 -6.578124165534973145e-01 -4.582060128450393677e-02
-1.406250000000000000e-01 -2.519530057907104492e-01 1.166000030934810638e-03
-1.349825561046600342e-01 -2.899304330348968506e-01 -3.811444388702511787e-03
-1.113282516598701477e-01 -2.558592557907104492e-01 2.430712431669235229e-02
9.049499779939651489e-02 -7.604165077209472656e-01 -9.517049789428710938e-02
8.072927594184875488e-02 -2.884113192558288574e-01 4.086522385478019714e-02
1.914059966802597046e-01 -6.445310115814208984e-01 -9.327899664640426636e-02
-8.593799918889999390e-02 -8.085939884185791016e-01 -8.872500061988830566e-02
-7.161433249711990356e-02 -8.359376788139343262e-01 -1.124129965901374817e-01
-9.375000000000000000e-02 -2.558592557907104492e-01 3.095564991235733032e-02
-9.342449903488159180e-02 -4.293620884418487549e-01 -2.950033359229564667e-02
-1.085937991738319397e-01 -6.574218273162841797e-01 -1.325906068086624146e-01
-5.859379842877388000e-02 -2.558592557907104492e-01 2.780649997293949127e-02
-1.875000074505805969e-02 -2.722657918930053711e-01 -6.345899775624275208e-03
3.203120082616806030e-02 -2.550779879093170166e-01 6.680900231003761292e-03
4.322906583547592163e-02 -2.393230646848678589e-01 2.881133370101451874e-02
1.953119933605194092e-01 -2.395833283662796021e-01 -5.830333102494478226e-03
5.902799963951110840e-02 -3.602431118488311768e-01 -2.552544511854648590e-02
4.575885832309722900e-02 -2.553012073040008545e-01 2.578314207494258881e-02
-7.617174834012985229e-02 -2.890624105930328369e-01 2.851039916276931763e-02
9.114599972963333130e-02 -3.782550096511840820e-01 1.368216704577207565e-02
1.152345016598701477e-01 -2.558592557907104492e-01 6.361268460750579834e-02
7.552099972963333130e-02 -4.303386807441711426e-01 -6.081949919462203979e-02
1.618299931287765503e-01 -7.996652722358703613e-01 -9.838271141052246094e-02
-1.265624016523361206e-01 -5.171875953674316406e-01 -7.857719808816909790e-02
-9.999959915876388550e-02 -8.468747735023498535e-01 -6.448739767074584961e-02
1.194199994206428528e-01 -6.573659777641296387e-01 -4.973600059747695923e-02
2.734399959444999695e-02 -2.597655057907104492e-01 -3.429000033065676689e-03
-9.933000057935714722e-02 -2.226559966802597046e-01 3.434171527624130249e-02
1.171877309679985046e-01 -3.053978085517883301e-01 5.428509041666984558e-02
-1.406250000000000000e-01 -5.527344942092895508e-01 -1.160250008106231689e-01
-3.125000000000000000e-02 -7.441407442092895508e-01 -1.727117449045181274e-01
1.152345016598701477e-01 -8.007813096046447754e-01 -4.889624938368797302e-02
-4.687199834734201431e-03 -3.078126013278961182e-01 -4.246180132031440735e-02
-1.074224989861249924e-02 -5.673825144767761230e-01 -1.359114944934844971e-01
-4.101549834012985229e-02 -7.617185711860656738e-01 -1.471519321203231812e-01
-1.367190033197402954e-01 -3.320310115814208984e-01 -3.509100154042243958e-02
1.621090024709701538e-01 -2.207030057907104492e-01 5.590912327170372009e-02
-1.171899959444999695e-02 -2.656250000000000000e-01 -1.707400009036064148e-02
-1.453126072883605957e-01 -2.066407054662704468e-01 8.014299906790256500e-03
-9.228525310754776001e-02 -5.288087725639343262e-01 -6.830575317144393921e-02
-2.315864339470863342e-02 -5.705914497375488281e-01 -1.116592139005661011e-01
1.109374016523361206e-01 -3.093751966953277588e-01 5.151540040969848633e-02
1.165866926312446594e-01 -7.085337638854980469e-01 -6.196246296167373657e-02
-4.166655614972114563e-02 -3.235675692558288574e-01 6.935833487659692764e-03
3.515600040555000305e-02 -2.890619933605194092e-01 -1.766199991106987000e-02
8.593799918889999390e-02 -8.183590173721313477e-01 -6.851000338792800903e-02
1.953119933605194092e-01 -6.236979961395263672e-01 -7.928333431482315063e-02
-7.617174834012985229e-02 -6.406250000000000000e-01 -1.145079508423805237e-01
-1.354166716337203979e-01 -3.281250000000000000e-01 -2.413366734981536865e-02
-1.406250000000000000e-01 -3.046876788139343262e-01 -1.495399978011846542e-02
1.796880066394805908e-01 -3.925782442092895508e-01 1.888074912130832672e-02
1.263020038604736328e-01 -6.243489980697631836e-01 -3.669716790318489075e-02
-3.645800054073333740e-02 -3.658856749534606934e-01 -1.832833327353000641e-02
-4.181976616382598877e-02 -3.582260608673095703e-01 -1.002652943134307861e-02
-1.136364564299583435e-01 -3.071734607219696045e-01 1.351981796324253082e-02
7.811999879777431488e-03 -2.578123211860656738e-01 -5.908599868416786194e-02
1.726561933755874634e-01 -3.425782024860382080e-01 3.170540183782577515e-02
3.905999939888715744e-03 -2.656250000000000000e-01 -5.001600086688995361e-02
-6.640599668025970459e-02 -3.359380066394805908e-01 1.892100088298320770e-02
1.953119933605194092e-01 -2.304690033197402954e-01 1.178000005893409252e-03
1.445309966802597046e-01 -8.203120231628417969e-01 -4.954399913549423218e-02
-1.579239964485168457e-01 -2.198659926652908325e-01 -1.185571402311325073e-02
4.999979957938194275e-02 -2.351564019918441772e-01 3.700599819421768188e-02
1.501737833023071289e-01 -6.354165673255920410e-01 -3.355899825692176819e-02
1.796880066394805908e-01 -6.699219942092895508e-01 -6.834150105714797974e-02
1.160715743899345398e-01 -8.842074275016784668e-01 3.387150168418884277e-02
1.757809966802597046e-01 -8.613280057907104492e-01 -7.209300249814987183e-02
-1.757809966802597046e-01 -2.070313394069671631e-01 -4.844533279538154602e-02
-7.457181811332702637e-03 -2.720171809196472168e-01 -2.656490914523601532e-02
3.906200081110000610e-02 -2.597655057907104492e-01 1.610900089144706726e-02
2.005208879709243774e-01 -4.830727875232696533e-01 -2.755066752433776855e-02
1.506991535425186157e-01 -3.246297836303710938e-01 4.876552522182464600e-02
-1.640619933605194092e-01 -2.617189884185791016e-01 -5.604200065135955811e-02
1.503907442092895508e-01 -7.265623807907104492e-01 -6.067425012588500977e-02
-1.523440033197402954e-01 -2.617189884185791016e-01 -1.760599948465824127e-02
7.421900331974029541e-02 -5.332030057907104492e-01 -7.198850065469741821e-02
2.109380066394805908e-02 -2.078126072883605957e-01 1.522879954427480698e-02
9.999986737966537476e-02 -2.710938751697540283e-01 5.618000030517578125e-02
1.914059966802597046e-01 -4.296875894069671631e-01 -5.288999993354082108e-03
-1.607140004634857178e-01 -2.712054252624511719e-01 -4.255185648798942566e-02
1.757809966802597046e-01 -4.160155057907104492e-01 1.664349995553493500e-02
6.900999695062637329e-02 -3.912761807441711426e-01 -4.598383232951164246e-02
-1.441761851310729980e-01 -2.709518074989318848e-01 -9.321000427007675171e-03
1.914059966802597046e-01 -2.949219942092895508e-01 -1.013499964028596878e-02
1.852386295795440674e-01 -4.995888471603393555e-01 -9.509684517979621887e-03
-9.375000000000000000e-02 -2.714844942092895508e-01 2.880249917507171631e-02
1.406250000000000000e-01 -8.085939884185791016e-01 -5.410699918866157532e-02
1.835940033197402954e-01 -4.121092557907104492e-01 1.034433301538228989e-02
-5.859379842877388000e-02 -2.714844942092895508e-01 2.594479918479919434e-02
1.686479598283767700e-01 -3.598845303058624268e-01 3.059143386781215668e-02
-2.001962438225746155e-02 -2.895506918430328369e-01 -7.883500307798385620e-03
1.757809966802597046e-01 -6.933592557907104492e-01 -7.466849684715270996e-02
-1.412760019302368164e-01 -4.661458432674407959e-01 -9.740349650382995605e-02
-4.520099982619285583e-02 -2.706474363803863525e-01 1.975928619503974915e-02
-1.640623807907104492e-01 -8.261719942092895508e-01 -7.850625365972518921e-02
-1.171899959444999695e-02 -4.648439884185791016e-01 -1.232559978961944580e-01
-9.375000000000000000e-02 -3.066407442092895508e-01 2.432705089449882507e-02
-2.812520042061805725e-02 -2.707031965255737305e-01 5.468700081110000610e-03
8.593799918889999390e-02 -8.300780057907104492e-01 -5.804799869656562805e-02
3.437479957938194275e-02 -2.874999940395355225e-01 -6.475400179624557495e-03
6.282550096511840820e-02 -2.887368798255920410e-01 2.703366614878177643e-02
1.210940033197402954e-01 -4.570310115814208984e-01 2.409999957308173180e-03
3.515600040555000305e-02 -2.695313394069671631e-01 3.236666554585099220e-03
4.036433249711990356e-02 -2.727866768836975098e-01 1.236316654831171036e-02
7.705973088741302490e-02 -2.400570064783096313e-01 5.054427310824394226e-02
1.897320002317428589e-01 -4.481025636196136475e-01 -3.538857214152812958e-03
1.972655057907104492e-01 -5.000000000000000000e-01 -2.410230040550231934e-02
4.765620082616806030e-02 -2.707031965255737305e-01 2.174579910933971405e-02
6.900999695062637329e-02 -2.701823413372039795e-01 3.707833215594291687e-02
1.914059966802597046e-01 -6.269530057907104492e-01 -7.249949872493743896e-02
1.040038764476776123e-01 -7.631834745407104492e-01 -6.600224971771240234e-02
4.101549834012985229e-02 -3.242185115814208984e-01 -2.480350062251091003e-02
-5.859379842877388000e-02 -4.121092557907104492e-01 -2.689854986965656281e-02
-7.617174834012985229e-02 -2.558592557907104492e-01 3.193143755197525024e-02
1.707588583230972290e-01 -2.720425724983215332e-01 4.831749945878982544e-02
1.914059966802597046e-01 -2.675780057907104492e-01 -2.436999930068850517e-03
6.835900247097015381e-02 -2.070313394069671631e-01 5.469049885869026184e-02
-3.870718181133270264e-02 -7.787643671035766602e-01 -1.473674476146697998e-01
1.953119933605194092e-01 -2.675780057907104492e-01 -5.628999788314104080e-03
-7.617174834012985229e-02 -5.000000000000000000e-01 -5.724735185503959656e-02
1.621090024709701538e-01 -2.382813990116119385e-01 5.532379820942878723e-02
-2.169999992474913597e-03 -2.881943285465240479e-01 -4.233366623520851135e-02
-1.729900017380714417e-02 -5.535715818405151367e-01 -1.112725734710693359e-01
-1.367190033197402954e-01 -2.753910124301910400e-01 -1.358499983325600624e-03
9.114599972963333130e-02 -8.131510019302368164e-01 -6.082899868488311768e-02
-4.687500000000000000e-02 -2.871092557907104492e-01 1.881974935531616211e-02
1.601559966802597046e-01 -3.535155057907104492e-01 3.579349815845489502e-02
-1.450892835855484009e-01 -3.063617050647735596e-01 -2.432785741984844208e-02
-9.375000000000000000e-02 -2.890624105930328369e-01 2.661003917455673218e-02
-2.951399981975555420e-02 -2.881943285465240479e-01 3.981777932494878769e-03
-4.101549834012985229e-02 -2.070313394069671631e-01 2.764366753399372101e-02
1.337890028953552246e-01 -8.974610567092895508e-01 2.897600084543228149e-02
-3.799691051244735718e-02 -5.017754435539245605e-01 -7.243382185697555542e-02
-5.859379842877388000e-02 -5.878907442092895508e-01 -9.561114758253097534e-02
4.492181167006492615e-02 -2.890623807907104492e-01 1.044787466526031494e-02
-8.984400331974029541e-02 -4.062500000000000000e-01 -1.643799990415573120e-02
2.005210071802139282e-01 -4.485676586627960205e-01 -2.589383348822593689e-02
1.679686009883880615e-01 -3.066407442092895508e-01 4.619285091757774353e-02
-5.859379842877388000e-02 -2.382813990116119385e-01 3.015095926821231842e-02
1.019174531102180481e-01 -5.873581171035766602e-01 -4.657809063792228699e-02
-2.197287417948246002e-02 -7.983399033546447754e-01 -1.844886243343353271e-01
5.078100040555000305e-02 -2.832030057907104492e-01 1.935149915516376495e-02
1.953119933605194092e-01 -4.283853471279144287e-01 -1.321899984031915665e-02
6.420887261629104614e-02 -2.551268041133880615e-01 3.951906412839889526e-02
1.152345016598701477e-01 -2.382813990116119385e-01 6.598529964685440063e-02
1.152345016598701477e-01 -2.890624105930328369e-01 5.731020122766494751e-02
8.398450165987014771e-02 -5.000000000000000000e-01 -4.612430185079574585e-02
-1.227679997682571411e-01 -5.870537161827087402e-01 -1.013014316558837891e-01
-6.250000000000000000e-02 -3.906250894069671631e-01 -1.462499983608722687e-02
-8.007799834012985229e-02 -2.304690033197402954e-01 3.549449890851974487e-02
1.319245845079421997e-01 -6.415128111839294434e-01 -3.872599825263023376e-02
1.835940033197402954e-01 -2.890624105930328369e-01 2.568119950592517853e-02
-7.561371475458145142e-02 -4.129462838172912598e-01 -2.152907103300094604e-02
-7.499980181455612183e-02 -6.632807850837707520e-01 -1.229446008801460266e-01
0.000000000000000000e+00 -2.968750000000000000e-01 -5.330000072717666626e-02
-2.674300037324428558e-02 -5.522837638854980469e-01 -9.843146055936813354e-02
-1.640620082616806030e-02 -2.218748033046722412e-01 -2.909200033172965050e-03
1.914059966802597046e-01 -3.007810115814208984e-01 -1.726999995298683643e-03
1.562500000000000000e-02 -2.070313394069671631e-01 1.248299982398748398e-02
5.468799918889999390e-02 -2.968750000000000000e-01 1.741500012576580048e-02
-1.328123360872268677e-01 -3.066407442092895508e-01 -5.755083169788122177e-03
-1.230470016598701477e-01 -3.066407442092895508e-01 5.030250176787376404e-03
8.984400331974029541e-02 -4.140623211860656738e-01 -3.568999934941530228e-03
-1.323240697383880615e-01 -2.387696802616119385e-01 1.267781294882297516e-02
-7.617174834012985229e-02 -3.066407442092895508e-01 2.671537548303604126e-02
7.812500000000000000e-02 -8.844864368438720703e-01 7.325714454054832458e-03
-1.367190033197402954e-01 -3.769530057907104492e-01 -5.805499851703643799e-02
9.049499779939651489e-02 -7.955728173255920410e-01 -7.527916878461837769e-02
1.503907442092895508e-01 -4.648438096046447754e-01 9.051850065588951111e-03
-5.859379842877388000e-02 -4.472655057907104492e-01 -4.397755116224288940e-02
-1.158856675028800964e-01 -8.385419845581054688e-01 -4.986766725778579712e-02
8.203099668025970459e-02 -4.472655057907104492e-01 -4.337950050830841064e-02
8.593799918889999390e-02 -4.472655057907104492e-01 -3.277974948287010193e-02
-1.674100011587142944e-02 -3.258927166461944580e-01 -2.142499946057796478e-02
1.009613871574401855e-01 -4.468147754669189453e-01 -9.553999640047550201e-03
-1.230470016598701477e-01 -3.769530057907104492e-01 -2.684300020337104797e-02
1.162862330675125122e-01 -4.462137818336486816e-01 6.034461315721273422e-03
-3.515600040555000305e-02 -8.398439884185791016e-01 -1.927389949560165405e-01
1.321613341569900513e-01 -4.479165673255920410e-01 1.296344399452209473e-02
1.367186605930328369e-01 -7.031250000000000000e-01 -5.174033343791961670e-02
1.386719942092895508e-01 -4.414060115814208984e-01 1.800349913537502289e-02
-3.125000000000000000e-02 -4.238280057907104492e-01 -4.940550029277801514e-02
1.321230530738830566e-01 -7.100185155868530273e-01 -5.417317524552345276e-02
1.464844942092895508e-01 -4.414060115814208984e-01 1.799499988555908203e-02
1.445309966802597046e-01 -7.031250000000000000e-01 -5.167499929666519165e-02
1.601559966802597046e-01 -2.851560115814208984e-01 5.335033312439918518e-02
1.509487926959991455e-01 -4.481025636196136475e-01 1.500607188791036606e-02
1.822919994592666626e-01 -4.466144442558288574e-01 4.572333302348852158e-03
1.662596315145492554e-01 -5.520020723342895508e-01 -1.379937492311000824e-02
1.953119933605194092e-01 -4.472655057907104492e-01 -1.326350029557943344e-02
1.328123956918716431e-01 -3.066407442092895508e-01 5.567155033349990845e-02
1.106769964098930359e-01 -4.518229961395263672e-01 -2.462666714563965797e-03
-1.105239987373352051e-01 -8.308824896812438965e-01 -5.845029279589653015e-02
-1.104911416769027710e-01 -3.763949871063232422e-01 -1.090128533542156219e-02
7.812500000000000000e-02 -4.531250000000000000e-01 -5.520199984312057495e-02
-6.076394394040107727e-02 -4.633247256278991699e-01 -4.889538884162902832e-02
-4.101549834012985229e-02 -4.648438096046447754e-01 -5.982179939746856689e-02
-1.367190033197402954e-01 -5.664060115814208984e-01 -1.332789957523345947e-01
-4.687500000000000000e-02 -6.347655057907104492e-01 -1.209065020084381104e-01
-5.419924855232238770e-02 -3.637697398662567139e-01 -3.411999903619289398e-03
-1.074224989861249924e-02 -4.658202528953552246e-01 -1.152722463011741638e-01
7.812500000000000000e-02 -4.648435115814208984e-01 -5.919450148940086365e-02
2.070309966802597046e-01 -4.765619933605194092e-01 -4.002200067043304443e-02
8.398450165987014771e-02 -4.648438096046447754e-01 -4.284889996051788330e-02
-9.252937138080596924e-02 -7.805176377296447754e-01 -1.132845655083656311e-01
1.040038764476776123e-01 -4.633789956569671631e-01 -1.383687462657690048e-02
-9.765500202775001526e-03 -2.890624105930328369e-01 -2.442350052297115326e-02
1.149261072278022766e-01 -4.652549922466278076e-01 -6.047052796930074692e-03
2.713826298713684082e-02 -2.378702163696289062e-01 9.544158354401588440e-03
1.337001770734786987e-01 -4.639560580253601074e-01 4.585363436490297318e-03
1.054690033197402954e-01 -4.765619933605194092e-01 -1.674699969589710236e-02
1.811527460813522339e-01 -4.633789956569671631e-01 2.385749947279691696e-03
1.516928374767303467e-01 -8.619791865348815918e-01 -6.709666457027196884e-03
1.503907442092895508e-01 -4.121092557907104492e-01 2.804356254637241364e-02
-1.494143307209014893e-01 -2.392580062150955200e-01 -5.874333437532186508e-03
1.884765028953552246e-01 -4.658203423023223877e-01 -4.820166621357202530e-03
0.000000000000000000e+00 -2.558592557907104492e-01 -3.889499977231025696e-02
1.396484971046447754e-01 -4.794920086860656738e-01 1.521999947726726532e-03
1.621090024709701538e-01 -7.792969942092895508e-01 -1.158371269702911377e-01
1.152345016598701477e-01 -5.527344942092895508e-01 -2.701806277036666870e-02
1.953119933605194092e-01 -4.648438096046447754e-01 -1.374780014157295227e-02
-5.301342904567718506e-02 -4.687500000000000000e-01 -5.426385626196861267e-02
1.263020038604736328e-01 -4.713540077209472656e-01 -1.670666621066629887e-03
-1.230470016598701477e-01 -4.824217557907104492e-01 -6.548637151718139648e-02
-7.714833319187164307e-02 -4.807941615581512451e-01 -5.016124993562698364e-02
-6.640599668025970459e-02 -4.765619933605194092e-01 -5.116900056600570679e-02
-3.125000000000000000e-02 -7.089844942092895508e-01 -1.731907427310943604e-01
-4.140613228082656860e-02 -4.820311367511749268e-01 -6.483246386051177979e-02
-2.539074979722499847e-02 -4.824217557907104492e-01 -7.806874811649322510e-02
1.152345016598701477e-01 -4.824217557907104492e-01 -1.148799993097782135e-02
1.269530057907104492e-01 -8.398439884185791016e-01 -1.550200022757053375e-02
-3.125000000000000000e-02 -3.066407442092895508e-01 1.873750006780028343e-03
1.503907442092895508e-01 -2.890624105930328369e-01 5.579984933137893677e-02
-9.375000000000000000e-02 -5.878907442092895508e-01 -9.208039939403533936e-02
-7.539050281047821045e-02 -3.796871900558471680e-01 -3.461400046944618225e-03
1.679686009883880615e-01 -4.824217557907104492e-01 4.640699829906225204e-03
1.152345016598701477e-01 -6.230469942092895508e-01 -4.439337551593780518e-02
-1.510419994592666626e-01 -2.220049947500228882e-01 -2.987999934703111649e-03
1.859375983476638794e-01 -4.828124046325683594e-01 -5.879333242774009705e-03
2.070309966802597046e-01 -4.843750000000000000e-01 -5.461949855089187622e-02
-3.515600040555000305e-02 -4.882810115814208984e-01 -7.050999999046325684e-02
-1.423610001802444458e-01 -4.991320073604583740e-01 -9.701633453369140625e-02
-7.617174834012985229e-02 -7.441407442092895508e-01 -1.340136826038360596e-01
-1.303452700376510620e-01 -5.004111528396606445e-01 -7.778757810592651367e-02
9.512864798307418823e-02 -2.906708717346191406e-01 4.926788061857223511e-02
-1.218751966953277588e-01 -4.968751966953277588e-01 -6.777580082416534424e-02
-1.953100040555000305e-02 -4.375000000000000000e-01 -8.695200085639953613e-02
-9.375000000000000000e-02 -6.406250000000000000e-01 -1.154524832963943481e-01
-1.113282516598701477e-01 -5.000000000000000000e-01 -6.232585012912750244e-02
-9.375000000000000000e-02 -5.000000000000000000e-01 -5.724088102579116821e-02
-1.562500000000000000e-02 -5.390623211860656738e-01 -1.071659997105598450e-01
-4.470488801598548889e-02 -4.978300034999847412e-01 -6.731610745191574097e-02
-9.333883970975875854e-02 -5.680508613586425781e-01 -8.432462811470031738e-02
-2.685568667948246002e-02 -4.995117485523223877e-01 -8.040737360715866089e-02
-1.171899959444999695e-02 -5.000000000000000000e-01 -1.072956025600433350e-01
1.796880066394805908e-01 -3.417969942092895508e-01 2.573825046420097351e-02
9.049499779939651489e-02 -6.419271826744079590e-01 -9.254133701324462891e-02
9.960924834012985229e-02 -5.000000000000000000e-01 -2.716300077736377716e-02
1.177886947989463806e-01 -4.990986287593841553e-01 -1.374700013548135757e-02
-7.617174834012985229e-02 -3.593750000000000000e-01 1.048985030502080917e-02
1.517858505249023438e-01 -4.977680146694183350e-01 1.868857187218964100e-03
-5.859379842877388000e-02 -6.230469942092895508e-01 -1.106254011392593384e-01
1.722300052642822266e-01 -5.028406977653503418e-01 -1.588090904988348484e-03
2.101566046476364136e-01 -4.984376132488250732e-01 -5.468960106372833252e-02
1.748044937849044800e-01 -5.556642413139343262e-01 -1.897775009274482727e-02
-3.125000000000000000e-02 -3.535155057907104492e-01 -1.570150069892406464e-02
-1.445309966802597046e-01 -5.078120231628417969e-01 -1.053629964590072632e-01
-1.367190033197402954e-01 -5.078120231628417969e-01 -8.813700079917907715e-02
-1.062501966953277588e-01 -3.054687976837158203e-01 1.917959935963153839e-02
1.914059966802597046e-01 -5.078120231628417969e-01 -1.801599934697151184e-02
-2.929699979722499847e-02 -7.968750000000000000e-01 -1.655164957046508789e-01
-1.406250000000000000e-01 -5.175782442092895508e-01 -1.001607477664947510e-01
-1.083097308874130249e-01 -4.630682766437530518e-01 -4.956563562154769897e-02
-1.445309966802597046e-01 -5.156250000000000000e-01 -1.066203340888023376e-01
-1.359376013278961182e-01 -5.187501907348632812e-01 -9.048219770193099976e-02
-9.375000000000000000e-02 -5.175782442092895508e-01 -6.401035189628601074e-02
-1.789063960313796997e-01 -8.617185950279235840e-01 -4.996040090918540955e-02
-1.953128539025783539e-02 -5.870537161827087402e-01 -1.315862834453582764e-01
-6.082592904567718506e-02 -5.161831378936767578e-01 -6.685685366392135620e-02
9.151799976825714111e-02 -4.481025636196136475e-01 -2.285785786807537079e-02
-2.864599972963333130e-02 -5.169272422790527344e-01 -8.384611457586288452e-02
-1.917618140578269958e-02 -5.181109309196472168e-01 -9.422590583562850952e-02
-6.054700165987014771e-02 -7.265623807907104492e-01 -1.370300501585006714e-01
-1.171899959444999695e-02 -5.175782442092895508e-01 -1.107432469725608826e-01
7.942699640989303589e-02 -5.188803076744079590e-01 -6.318099796772003174e-02
2.050780057907104492e-01 -5.175782442092895508e-01 -4.479175060987472534e-02
1.503907442092895508e-01 -2.207030057907104492e-01 6.202387437224388123e-02
1.328123956918716431e-01 -6.054685711860656738e-01 -2.920367941260337830e-02
-5.859379842877388000e-02 -2.890624105930328369e-01 2.420732006430625916e-02
-7.582706212997436523e-02 -7.603399157524108887e-01 -1.272020637989044189e-01
-1.280381083488464355e-01 -2.710504531860351562e-01 8.679055608808994293e-03
8.463566750288009644e-02 -5.162761807441711426e-01 -4.724716767668724060e-02
2.109380066394805908e-01 -5.175782442092895508e-01 -5.738174915313720703e-02
1.129261851310729980e-01 -5.181109309196472168e-01 -2.097063697874546051e-02
1.328123956918716431e-01 -5.175782442092895508e-01 -8.865900337696075439e-03
1.646203547716140747e-01 -4.977680146694183350e-01 2.075357129797339439e-03
1.901039928197860718e-01 -5.188803076744079590e-01 -2.010333351790904999e-02
7.421900331974029541e-02 -5.234379768371582031e-01 -7.366099953651428223e-02
-7.812500000000000000e-02 -7.695310115814208984e-01 -1.214369982481002808e-01
-1.242898181080818176e-01 -6.051134467124938965e-01 -1.141030937433242798e-01
-1.406250000000000000e-01 -5.292969942092895508e-01 -1.088375002145767212e-01
-1.328123509883880615e-01 -5.365512967109680176e-01 -9.392728656530380249e-02
1.726561933755874634e-01 -6.238281726837158203e-01 -3.854659944772720337e-02
-1.239347308874130249e-01 -5.333806276321411133e-01 -8.276681602001190186e-02
-1.113282516598701477e-01 -5.351561903953552246e-01 -7.600095123052597046e-02
1.804692000150680542e-01 -5.867187976837158203e-01 -3.279099985957145691e-02
-7.700885832309722900e-02 -5.290179848670959473e-01 -6.831528246402740479e-02
8.984400331974029541e-02 -5.000000000000000000e-01 -3.672819957137107849e-02
-5.826829001307487488e-02 -5.354816913604736328e-01 -7.496966421604156494e-02
1.342075020074844360e-01 -3.984377086162567139e-01 3.362228721380233765e-02
-2.382824942469596863e-02 -5.351561903953552246e-01 -9.491954743862152100e-02
-1.171899959444999695e-02 -5.351561903953552246e-01 -1.156888008117675781e-01
-1.210940033197402954e-01 -2.539060115814208984e-01 1.865666732192039490e-02
7.954536378383636475e-02 -5.358664393424987793e-01 -6.181290745735168457e-02
-5.859399959444999695e-02 -8.437500000000000000e-01 -1.595779955387115479e-01
2.006392776966094971e-01 -5.358664393424987793e-01 -4.247027263045310974e-02
1.505682766437530518e-01 -6.448864340782165527e-01 -3.635427355766296387e-02
1.831600069999694824e-01 -6.749133467674255371e-01 -7.900799810886383057e-02
-1.302848309278488159e-01 -2.562039494514465332e-01 1.044488232582807541e-02
8.593799918889999390e-02 -5.351561903953552246e-01 -4.893140122294425964e-02
2.089844942092895508e-01 -5.351561903953552246e-01 -6.132709980010986328e-02
-1.155135706067085266e-01 -8.487721681594848633e-01 -4.896942898631095886e-02
-2.994799986481666565e-02 -5.670571923255920410e-01 -1.013600006699562073e-01
1.031249016523361206e-01 -5.335937142372131348e-01 -3.152760118246078491e-02
1.953119933605194092e-01 -2.558594942092895508e-01 -1.458400022238492966e-02
-7.617174834012985229e-02 -5.683592557907104492e-01 -8.409112691879272461e-02
1.334917396306991577e-01 -5.346466898918151855e-01 -1.205782592296600342e-02
1.872396022081375122e-01 -5.361978411674499512e-01 -2.301093377172946930e-02
1.953119933605194092e-01 -5.332030057907104492e-01 -3.159749880433082581e-02
-7.572100311517715454e-02 -5.384613871574401855e-01 -7.218046486377716064e-02
1.250000000000000000e-01 -5.410155057907104492e-01 -1.785499975085258484e-02
-3.515600040555000305e-02 -4.375000000000000000e-01 -5.242700129747390747e-02
-3.515600040555000305e-02 -5.429689884185791016e-01 -8.821000158786773682e-02
-1.125489398837089539e-01 -3.605957627296447754e-01 -5.776999983936548233e-03
-1.210940033197402954e-01 -5.468750000000000000e-01 -8.613499999046325684e-02
-5.859379842877388000e-02 -5.527344942092895508e-01 -8.145900070667266846e-02
1.806644946336746216e-01 -6.914062500000000000e-01 -8.277674764394760132e-02
-4.427083209156990051e-02 -5.494791865348815918e-01 -8.565116673707962036e-02
-4.427083209156990051e-02 -4.088540077209472656e-01 -3.165816515684127808e-02
-3.906229883432388306e-02 -5.546876788139343262e-01 -9.024419635534286499e-02
-1.562500000000000000e-02 -4.648438096046447754e-01 -9.764119982719421387e-02
8.046886324882507324e-02 -2.203124016523361206e-01 5.657726526260375977e-02
-1.171899959444999695e-02 -5.468750000000000000e-01 -1.199709996581077576e-01
7.812500000000000000e-02 -5.507813096046447754e-01 -7.485166937112808228e-02
8.370542526245117188e-02 -5.535715818405151367e-01 -5.852042883634567261e-02
1.054690033197402954e-01 -5.507813096046447754e-01 -3.368400037288665771e-02
4.687500000000000000e-02 -2.070313394069671631e-01 4.109811037778854370e-02
1.274412572383880615e-01 -5.541993975639343262e-01 -1.973762549459934235e-02
1.363931596279144287e-01 -5.517579317092895508e-01 -1.491849962621927261e-02
1.386719942092895508e-01 -8.437500000000000000e-01 -1.996999979019165039e-02
-7.697600126266479492e-02 -4.285387098789215088e-01 -3.063205815851688385e-02
1.851564049720764160e-01 -5.523438453674316406e-01 -2.656619995832443237e-02
1.972655057907104492e-01 -5.527344942092895508e-01 -4.284925013780593872e-02
2.039061933755874634e-01 -5.515626072883605957e-01 -5.856499820947647095e-02
-2.283669263124465942e-02 -4.657452404499053955e-01 -7.740099728107452393e-02
-1.074224989861249924e-02 -5.537109971046447754e-01 -1.290787458419799805e-01
-6.206599995493888855e-02 -2.061632275581359863e-01 3.681989014148712158e-02
-7.811999879777431488e-03 -5.546879768371582031e-01 -1.435499936342239380e-01
1.679686009883880615e-01 -4.648438096046447754e-01 8.559199981391429901e-03
1.914059966802597046e-01 -5.585939884185791016e-01 -3.560699895024299622e-02
-1.339841932058334351e-01 -5.714843273162841797e-01 -1.133890971541404724e-01
1.716145277023315430e-01 -6.768230795860290527e-01 -5.878926813602447510e-02
-1.247209981083869934e-01 -5.697543621063232422e-01 -9.752607345581054688e-02
-6.206599995493888855e-02 -5.655379891395568848e-01 -8.544077724218368530e-02
-4.101549834012985229e-02 -5.703123807907104492e-01 -9.538420289754867554e-02
7.812500000000000000e-02 -5.625000000000000000e-01 -9.430699795484542847e-02
8.482171595096588135e-02 -5.686382651329040527e-01 -6.242285668849945068e-02
9.914423525333404541e-02 -5.699403882026672363e-01 -4.421514272689819336e-02
1.321330368518829346e-01 -5.708219408988952637e-01 -2.145400084555149078e-02
1.406250000000000000e-01 -5.644530057907104492e-01 -1.658849976956844330e-02
1.617183983325958252e-01 -5.656247735023498535e-01 -1.632340066134929657e-02
1.695311516523361206e-01 -5.714843273162841797e-01 -2.126765064895153046e-02
1.328124105930328369e-01 -3.272058367729187012e-01 5.038623511791229248e-02
1.959631741046905518e-01 -5.690103173255920410e-01 -4.669283330440521240e-02
1.328123807907104492e-01 -3.178707361221313477e-01 5.339474976062774658e-02
2.023438066244125366e-01 -5.699216723442077637e-01 -6.151359900832176208e-02
2.070309966802597046e-01 -5.625000000000000000e-01 -7.358200103044509888e-02
-1.640620082616806030e-02 -5.734373927116394043e-01 -1.275041997432708740e-01
1.660155057907104492e-01 -7.324219942092895508e-01 -9.706450253725051880e-02
7.979899644851684570e-02 -5.731025934219360352e-01 -7.581800222396850586e-02
1.601559966802597046e-01 -8.554689884185791016e-01 -3.268000110983848572e-02
8.984400331974029541e-02 -5.722655057907104492e-01 -5.477150157094001770e-02
1.093750000000000000e-01 -5.742186903953552246e-01 -3.630933165550231934e-02
-9.505199640989303589e-02 -5.774739980697631836e-01 -8.818316459655761719e-02
1.503907442092895508e-01 -5.761719942092895508e-01 -1.826762408018112183e-02
-7.578113675117492676e-02 -6.234375834465026855e-01 -1.077219992876052856e-01
1.601559966802597046e-01 -6.875000000000000000e-01 -5.224499851465225220e-02
-1.113282516598701477e-01 -5.878907442092895508e-01 -9.561975300312042236e-02
-7.811999879777431488e-03 -4.941410124301910400e-01 -1.243344992399215698e-01
-7.617174834012985229e-02 -5.878907442092895508e-01 -9.204050153493881226e-02
-4.296872764825820923e-02 -5.866478085517883301e-01 -1.013165488839149475e-01
-1.855469942092895508e-01 -8.593750000000000000e-01 -5.604699999094009399e-02
-1.914059966802597046e-01 -8.593750000000000000e-01 -5.542600154876708984e-02
-2.812520042061805725e-02 -5.871095061302185059e-01 -1.139333024621009827e-01
1.503907442092895508e-01 -6.054685711860656738e-01 -2.553060092031955719e-02
-1.171899959444999695e-02 -5.839844942092895508e-01 -1.438075006008148193e-01
-1.945309937000274658e-01 -8.496091961860656738e-01 -6.186319887638092041e-02
-1.222100034356117249e-01 -4.280134141445159912e-01 -4.792171344161033630e-02
1.119791120290756226e-01 -5.885418057441711426e-01 -3.779422119259834290e-02
-1.152345016598701477e-01 -6.582030057907104492e-01 -1.467382460832595825e-01
1.194199994206428528e-01 -5.870537161827087402e-01 -3.182828426361083984e-02
1.972655057907104492e-01 -5.175782442092895508e-01 -2.928549982607364655e-02
1.503907442092895508e-01 -5.878907442092895508e-01 -2.118675038218498230e-02
1.679686009883880615e-01 -5.878907442092895508e-01 -2.517629973590373993e-02
1.878550946712493896e-01 -5.884234309196472168e-01 -4.163136333227157593e-02
1.953119933605194092e-01 -5.820310115814208984e-01 -5.088499933481216431e-02
-1.289062052965164185e-01 -8.359376788139343262e-01 -4.654860123991966248e-02
-3.671839833259582520e-02 -5.906252264976501465e-01 -1.070090010762214661e-01
-1.692700013518333435e-02 -5.924479961395263672e-01 -1.483419984579086304e-01
-5.900499969720840454e-02 -3.063323795795440674e-01 2.259794808924198151e-02
1.992190033197402954e-01 -5.937500000000000000e-01 -7.558500021696090698e-02
1.523440033197402954e-01 -8.964844942092895508e-01 1.198283303529024124e-02
-3.013399988412857056e-02 -4.631697237491607666e-01 -6.715971231460571289e-02
-9.375000000000000000e-02 -6.054685711860656738e-01 -9.965123981237411499e-02
-6.011288985610008240e-02 -6.032984256744384766e-01 -1.016519442200660706e-01
1.690339595079421997e-01 -2.895950973033905029e-01 4.818695411086082458e-02
1.276039928197860718e-01 -8.020834922790527344e-01 -4.995283484458923340e-02
-3.027350082993507385e-02 -6.005857586860656738e-01 -1.187044978141784668e-01
-3.979475051164627075e-02 -6.770021319389343262e-01 -1.471659988164901733e-01
-6.158094108104705811e-02 -7.975643277168273926e-01 -1.153123527765274048e-01
-2.690999954938888550e-02 -6.063366532325744629e-01 -1.289860010147094727e-01
-1.953133381903171539e-02 -6.035153269767761230e-01 -1.466866731643676758e-01
9.151799976825714111e-02 -6.238840222358703613e-01 -7.719185948371887207e-02
9.570299834012985229e-02 -6.054686307907104492e-01 -6.049106270074844360e-02
1.043527126312255859e-01 -6.037944555282592773e-01 -4.920743033289909363e-02
1.672892570495605469e-01 -6.049590706825256348e-01 -2.959956601262092590e-02
-5.997252836823463440e-02 -7.444854378700256348e-01 -1.354443579912185669e-01
1.840822547674179077e-01 -6.049802899360656738e-01 -4.327731207013130188e-02
9.730104357004165649e-02 -3.595525324344635010e-01 2.874845452606678009e-02
-2.148449979722499847e-02 -8.144530057907104492e-01 -1.847841292619705200e-01
1.914059966802597046e-01 -6.074217557907104492e-01 -5.661350116133689880e-02
8.984400331974029541e-02 -3.671880066394805908e-01 1.698900014162063599e-02
-2.929699979722499847e-02 -8.144530057907104492e-01 -1.675615012645721436e-01
-5.468757078051567078e-02 -6.110489964485168457e-01 -1.065784320235252380e-01
-1.953100040555000305e-02 -6.113280057907104492e-01 -1.618594974279403687e-01
8.984400331974029541e-02 -6.113280057907104492e-01 -7.284650206565856934e-02
-1.243489980697631836e-01 -6.223959922790527344e-01 -1.281014978885650635e-01
1.462054252624511719e-01 -8.856025934219360352e-01 2.170328609645366669e-02
-1.416015028953552246e-01 -3.193357586860656738e-01 -2.898699976503849030e-02
-9.440100193023681641e-02 -6.236979961395263672e-01 -1.080471649765968323e-01
1.536460071802139282e-01 -8.841144442558288574e-01 1.285088900476694107e-02
1.328123956918716431e-01 -7.265623807907104492e-01 -5.691219866275787354e-02
-2.864599972963333130e-02 -4.114582240581512451e-01 -4.493011161684989929e-02
-8.789099752902984619e-02 -6.171879768371582031e-01 -1.046214997768402100e-01
1.953119933605194092e-01 -6.015623211860656738e-01 -6.353099644184112549e-02
-8.203099668025970459e-02 -6.171879768371582031e-01 -1.046620011329650879e-01
-4.374999925494194031e-02 -6.222658157348632812e-01 -1.172963976860046387e-01
-2.994799986481666565e-02 -6.217449903488159180e-01 -1.335946619510650635e-01
-5.156239867210388184e-02 -8.156247735023498535e-01 -1.272750049829483032e-01
-2.343771420419216156e-02 -6.222100257873535156e-01 -1.508121490478515625e-01
8.593799918889999390e-02 -6.210939884185791016e-01 -9.026700258255004883e-02
8.007825165987014771e-02 -2.558592557907104492e-01 4.798493906855583191e-02
-4.609379917383193970e-02 -7.804688215255737305e-01 -1.361919939517974854e-01
1.503907442092895508e-01 -2.714844942092895508e-01 5.801381170749664307e-02
1.356025785207748413e-01 -6.224889755249023438e-01 -3.226414322853088379e-02
8.072911202907562256e-02 -8.663195371627807617e-01 -7.892999798059463501e-03
1.503907442092895508e-01 -6.757814288139343262e-01 -4.525100067257881165e-02
1.813620030879974365e-01 -6.222100257873535156e-01 -4.636714234948158264e-02
1.880580037832260132e-01 -6.227679848670959473e-01 -5.847985669970512390e-02
8.593799918889999390e-02 -6.289060115814208984e-01 -8.490599691867828369e-02
8.984400331974029541e-02 -4.882810115814208984e-01 -3.491000086069107056e-02
-1.015620008111000061e-01 -4.375000000000000000e-01 -3.494700044393539429e-02
-1.223959997296333313e-01 -6.341143250465393066e-01 -1.329669952392578125e-01
-1.136365458369255066e-01 -6.434659957885742188e-01 -1.279000937938690186e-01
-5.948159098625183105e-02 -6.397371888160705566e-01 -1.173722743988037109e-01
-3.125000000000000000e-02 -6.328120231628417969e-01 -1.379079967737197876e-01
7.812333293259143829e-03 -2.382813990116119385e-01 -4.203420132398605347e-02
9.635400027036666870e-02 -6.414930820465087891e-01 -7.773155719041824341e-02
1.174667179584503174e-01 -6.400669217109680176e-01 -4.700464382767677307e-02
1.393229961395263672e-01 -6.341143250465393066e-01 -3.411733359098434448e-02
1.601559966802597046e-01 -6.328120231628417969e-01 -3.433100134134292603e-02
1.682941317558288574e-01 -6.409505605697631836e-01 -4.176696017384529114e-02
1.054690033197402954e-01 -7.500000000000000000e-01 -6.909800320863723755e-02
-5.501316487789154053e-02 -7.783204913139343262e-01 -1.277494132518768311e-01
1.953119933605194092e-01 -6.328120231628417969e-01 -7.379999756813049316e-02
-3.515600040555000305e-02 -6.484379768371582031e-01 -1.400219947099685669e-01
-4.687500000000000000e-02 -7.656250000000000000e-01 -1.386416703462600708e-01
-2.734399959444999695e-02 -2.382813990116119385e-01 8.013066835701465607e-03
-9.602849930524826050e-02 -6.604815125465393066e-01 -1.249081641435623169e-01
1.500823646783828735e-01 -3.589637875556945801e-01 3.828915953636169434e-02
-1.757800020277500153e-02 -2.382813990116119385e-01 -4.956699907779693604e-03
8.203099668025970459e-02 -5.996090173721313477e-01 -8.837900310754776001e-02
-9.033224731683731079e-02 -6.547852754592895508e-01 -1.205868721008300781e-01
-6.510400027036666870e-02 -6.536459922790527344e-01 -1.212029978632926941e-01
-7.031200081110000610e-02 -2.265619933605194092e-01 3.506999835371971130e-02
-3.125000000000000000e-02 -6.582030057907104492e-01 -1.534722447395324707e-01
9.453120082616806030e-02 -6.593747735023498535e-01 -9.445580095052719116e-02
-1.437499970197677612e-01 -8.484376072883605957e-01 -3.583680093288421631e-02
1.054690033197402954e-01 -6.582030057907104492e-01 -6.684599816799163818e-02
-9.309899806976318359e-02 -8.476560115814208984e-01 -7.714349776506423950e-02
1.119791120290756226e-01 -6.588540077209472656e-01 -5.737899988889694214e-02
-9.375000000000000000e-02 -5.527344942092895508e-01 -7.831739634275436401e-02
1.445309966802597046e-01 -3.164060115814208984e-01 5.286899954080581665e-02
1.328123956918716431e-01 -6.582030057907104492e-01 -4.253840073943138123e-02
-3.971333429217338562e-02 -8.300781846046447754e-01 -1.659188270568847656e-01
2.343766577541828156e-02 -2.207030057907104492e-01 1.212241686880588531e-02
1.749998033046722412e-01 -6.593747735023498535e-01 -5.464540049433708191e-02
1.875000000000000000e-01 -6.621090173721313477e-01 -8.933100104331970215e-02
-9.321736544370651245e-02 -7.958095669746398926e-01 -9.581618010997772217e-02
5.859399959444999695e-02 -2.070313394069671631e-01 4.956377670168876648e-02
-1.054690033197402954e-01 -6.699219942092895508e-01 -1.378504931926727295e-01
7.519549876451492310e-02 -3.798825144767761230e-01 -2.118249982595443726e-02
-1.692700013518333435e-02 -3.951824903488159180e-01 -5.924750119447708130e-02
8.105462789535522461e-02 -5.878907442092895508e-01 -7.563612610101699829e-02
-9.342449903488159180e-02 -6.754558682441711426e-01 -1.303170472383499146e-01
-4.589850082993507385e-02 -6.708984971046447754e-01 -1.379177570343017578e-01
1.093750000000000000e-01 -7.187500000000000000e-01 -7.000099867582321167e-02
-3.125000000000000000e-02 -6.757814288139343262e-01 -1.618102043867111206e-01
1.328123956918716431e-01 -6.757814288139343262e-01 -4.664852097630500793e-02
1.884765028953552246e-01 -3.046877384185791016e-01 2.867999952286481857e-03
-1.015620008111000061e-01 -6.835939884185791016e-01 -1.423580050468444824e-01
1.835940033197402954e-01 -6.835939884185791016e-01 -8.899000287055969238e-02
9.296879917383193970e-02 -8.273438215255737305e-01 -4.076600074768066406e-02
-1.054690033197402954e-01 -6.894530057907104492e-01 -1.611399948596954346e-01
1.328123956918716431e-01 -2.207030057907104492e-01 6.758215278387069702e-02
-3.125000000000000000e-02 -6.933592557907104492e-01 -1.692087501287460327e-01
-3.046879917383193970e-02 -7.804688215255737305e-01 -1.662482023239135742e-01
1.796880066394805908e-01 -6.953120231628417969e-01 -8.938100188970565796e-02
1.152345016598701477e-01 -6.933592557907104492e-01 -6.186806410551071167e-02
1.257811933755874634e-01 -6.945312023162841797e-01 -5.326240137219429016e-02
1.493390798568725586e-01 -6.923075318336486816e-01 -4.970499873161315918e-02
-9.765599668025970459e-02 -8.046879768371582031e-01 -8.532399684190750122e-02
-1.171899959444999695e-02 -2.558592557907104492e-01 -1.627900078892707825e-02
1.664061397314071655e-01 -6.937498450279235840e-01 -6.002100184559822083e-02
5.468799918889999390e-02 -3.320310115814208984e-01 -2.760000061243772507e-04
-5.078100040555000305e-02 -6.953123211860656738e-01 -1.405410021543502808e-01
-1.015620008111000061e-01 -7.089844942092895508e-01 -1.648332476615905762e-01
-9.453120082616806030e-02 -7.097657918930053711e-01 -1.473497003316879272e-01
-1.074220016598701477e-01 -5.644530057907104492e-01 -8.596824854612350464e-02
-8.724000304937362671e-02 -7.076823115348815918e-01 -1.368438303470611572e-01
-4.296866804361343384e-02 -7.089844942092895508e-01 -1.491137444972991943e-01
-5.859387665987014771e-02 -8.300782442092895508e-01 -1.293778717517852783e-01
-3.515600040555000305e-02 -7.089844942092895508e-01 -1.614599972963333130e-01
1.507813930511474609e-01 -7.093751430511474609e-01 -5.508380010724067688e-02
7.031200081110000610e-02 -2.167969942092895508e-01 5.345299839973449707e-02
1.637071818113327026e-01 -7.084518074989318848e-01 -6.300309300422668457e-02
-1.210940033197402954e-01 -5.976560115814208984e-01 -1.047369986772537231e-01
1.724330037832260132e-01 -7.092635631561279297e-01 -7.872556895017623901e-02
1.093750000000000000e-01 -7.109376788139343262e-01 -7.012166827917098999e-02
-1.304683983325958252e-01 -3.414064049720764160e-01 -2.609379962086677551e-02
1.757809966802597046e-01 -7.070310115814208984e-01 -8.846300095319747925e-02
-9.166680276393890381e-02 -7.273436784744262695e-01 -1.481139361858367920e-01
-9.765599668025970459e-02 -7.246092557907104492e-01 -1.606717556715011597e-01
-7.499980181455612183e-02 -3.468748033046722412e-01 1.676400005817413330e-02
-1.054690033197402954e-01 -2.031250000000000000e-01 3.556999936699867249e-02
-8.593799918889999390e-02 -7.207030057907104492e-01 -1.392900049686431885e-01
1.328123956918716431e-01 -2.558592557907104492e-01 6.415720283985137939e-02
-5.078100040555000305e-02 -7.265623807907104492e-01 -1.416119933128356934e-01
-1.432289928197860718e-01 -3.274738192558288574e-01 -4.720133170485496521e-02
7.421900331974029541e-02 -3.984376788139343262e-01 -3.791833296418190002e-02
-1.171879991888999939e-01 -5.585939884185791016e-01 -8.790899813175201416e-02
-4.296866804361343384e-02 -7.265623807907104492e-01 -1.489976644515991211e-01
-2.246125042438507080e-02 -4.121092557907104492e-01 -5.751499906182289124e-02
-1.109376028180122375e-01 -5.523438453674316406e-01 -8.285433053970336914e-02
-3.515600040555000305e-02 -7.265623807907104492e-01 -1.617348045110702515e-01
1.155428960919380188e-01 -7.269735932350158691e-01 -6.366610527038574219e-02
1.611324995756149292e-01 -7.216795086860656738e-01 -6.659624725580215454e-02
-9.314907342195510864e-02 -7.436900138854980469e-01 -1.480287760496139526e-01
-5.078100040555000305e-02 -7.421876788139343262e-01 -1.403736621141433716e-01
-4.296866804361343384e-02 -7.441407442092895508e-01 -1.476379930973052979e-01
-3.515600040555000305e-02 -7.441407442092895508e-01 -1.606869995594024658e-01
1.328123956918716431e-01 -2.714844942092895508e-01 6.180484965443611145e-02
-6.396474689245223999e-02 -7.807617783546447754e-01 -1.198461279273033142e-01
1.015622988343238831e-01 -7.441408038139343262e-01 -7.787910103797912598e-02
1.152345016598701477e-01 -7.441407442092895508e-01 -6.314980983734130859e-02
1.328123956918716431e-01 -7.441407442092895508e-01 -5.965724959969520569e-02
7.421900331974029541e-02 -4.179689884185791016e-01 -5.461899936199188232e-02
1.601559966802597046e-01 -7.421876788139343262e-01 -7.946532964706420898e-02
-9.635400027036666870e-02 -7.584633231163024902e-01 -1.447831690311431885e-01
-9.062519669532775879e-02 -7.635415196418762207e-01 -1.319244056940078735e-01
-5.859379842877388000e-02 -7.617185711860656738e-01 -1.311631947755813599e-01
-2.734399959444999695e-02 -7.617185711860656738e-01 -1.846369951963424683e-01
-1.103515028953552246e-01 -7.900387644767761230e-01 -1.081607490777969360e-01
-1.367190033197402954e-01 -2.070313394069671631e-01 1.628500036895275116e-02
9.694581478834152222e-02 -7.613634467124938965e-01 -7.755681872367858887e-02
-1.692700013518333435e-02 -3.782550096511840820e-01 -4.118999838829040527e-02
1.328123956918716431e-01 -7.617185711860656738e-01 -6.096572056412696838e-02
-1.718750000000000000e-01 -2.200520038604736328e-01 -4.382599890232086182e-02
1.554688066244125366e-01 -8.132811784744262695e-01 -7.395499944686889648e-02
1.456472873687744141e-01 -7.600444555282592773e-01 -6.703013926744461060e-02
1.529449224472045898e-01 -7.626200914382934570e-01 -7.637561857700347900e-02
-7.617174834012985229e-02 -7.792969942092895508e-01 -1.147956252098083496e-01
-2.669299952685832977e-02 -8.281250000000000000e-01 -1.836459934711456299e-01
-9.765500202775001526e-03 -4.824217557907104492e-01 -1.138711273670196533e-01
8.593799918889999390e-02 -7.792969942092895508e-01 -9.260199964046478271e-02
1.015623360872268677e-01 -7.792969942092895508e-01 -6.265716999769210815e-02
1.152345016598701477e-01 -7.792969942092895508e-01 -5.744893848896026611e-02
-1.123048141598701477e-01 -5.717772245407104492e-01 -9.033056348562240601e-02
1.328123956918716431e-01 -7.792969942092895508e-01 -6.032130122184753418e-02
1.523440033197402954e-01 -7.792969942092895508e-01 -7.873892039060592651e-02
-3.710899874567985535e-02 -7.968750000000000000e-01 -1.489281952381134033e-01
-1.113282516598701477e-01 -2.382813990116119385e-01 2.710239961743354797e-02
8.593799918889999390e-02 -7.968750000000000000e-01 -7.966899871826171875e-02
9.912093728780746460e-02 -7.961425781250000000e-01 -5.830049887299537659e-02
1.149261072278022766e-01 -3.246297836303710938e-01 4.867668449878692627e-02
1.152345016598701477e-01 -7.910155057907104492e-01 -5.377337336540222168e-02
-9.044492244720458984e-02 -6.929085254669189453e-01 -1.345991492271423340e-01
1.344571560621261597e-01 -7.952302098274230957e-01 -5.696963146328926086e-02
1.459961235523223877e-01 -7.983399033546447754e-01 -6.530062854290008545e-02
-1.105469986796379089e-01 -7.976561784744262695e-01 -9.437929838895797729e-02
1.041666641831398010e-01 -8.033856749534606934e-01 -4.968266561627388000e-02
2.054686993360519409e-01 -5.007811784744262695e-01 -4.231400042772293091e-02
-1.113282516598701477e-01 -8.046879768371582031e-01 -8.349599689245223999e-02
-1.562500000000000000e-02 -8.046879768371582031e-01 -2.028589993715286255e-01
-9.443929046392440796e-02 -5.381432175636291504e-01 -7.241594046354293823e-02
-1.292612701654434204e-01 -8.132101893424987793e-01 -7.785218209028244019e-02
-1.289059966802597046e-01 -8.085939884185791016e-01 -8.992300182580947876e-02
-7.578113675117492676e-02 -8.140624165534973145e-01 -9.534906595945358276e-02
-6.093759834766387939e-02 -8.140624165534973145e-01 -1.128447353839874268e-01
-4.609379917383193970e-02 -8.132811784744262695e-01 -1.356700062751770020e-01
8.593799918889999390e-02 -8.105469942092895508e-01 -7.166449725627899170e-02
1.328123956918716431e-01 -8.144530057907104492e-01 -4.397999867796897888e-02
