1.484376639127731323e-01 -8.945313096046447754e-01 4.028122127056121826e-02
1.406250000000000000e-01 -8.945313096046447754e-01 4.681533202528953552e-02
1.113282516598701477e-01 -8.945313096046447754e-01 5.029825121164321899e-02
9.687480330467224121e-02 -8.941407203674316406e-01 5.025609955191612244e-02
8.724000304937362671e-02 -8.932290077209472656e-01 4.435933381319046021e-02
1.757809966802597046e-01 -8.867189884185791016e-01 -4.191999789327383041e-03
1.757809966802597046e-01 -8.828120231628417969e-01 -8.996999822556972504e-03
1.562500000000000000e-01 -8.847655057907104492e-01 3.107750043272972107e-02
7.031200081110000610e-02 -8.828120231628417969e-01 1.038500014692544937e-02
9.716775268316268921e-02 -8.842772245407104492e-01 4.974000155925750732e-02
1.718750000000000000e-01 -8.750000000000000000e-01 -1.009199954569339752e-02
1.689453721046447754e-01 -8.808592557907104492e-01 2.603499917313456535e-03
1.605899930000305176e-01 -8.806422352790832520e-01 2.012033388018608093e-02
1.113282516598701477e-01 -8.808592557907104492e-01 5.298481136560440063e-02
9.147150069475173950e-02 -8.785805702209472656e-01 4.093508422374725342e-02
7.343740016222000122e-02 -8.765624165534973145e-01 1.894080080091953278e-02
1.230470016598701477e-01 -8.710939884185791016e-01 4.804050177335739136e-02
1.575520038604736328e-01 -8.697919845581054688e-01 1.425100024789571762e-02
7.877583056688308716e-02 -8.684898614883422852e-01 1.616233401000499725e-02
1.286056935787200928e-01 -8.662862181663513184e-01 3.706846013665199280e-02
1.108775362372398376e-01 -8.638823032379150391e-01 3.689400106668472290e-02
-1.835940033197402954e-01 -8.593750000000000000e-01 -1.024829968810081482e-01
1.660155057907104492e-01 -8.574219942092895508e-01 -2.549700066447257996e-02
1.304686963558197021e-01 -8.578125834465026855e-01 1.979889906942844391e-02
1.113282516598701477e-01 -8.554689884185791016e-01 2.299124933779239655e-02
7.812500000000000000e-02 -8.626303076744079590e-01 3.933166619390249252e-03
7.519549876451492310e-02 -8.583984971046447754e-01 -1.067325007170438766e-02
-1.342772543430328369e-01 -8.569337725639343262e-01 -8.622812479734420776e-02
-1.503907442092895508e-01 -8.593750000000000000e-01 -8.760675042867660522e-02
-1.542969942092895508e-01 -8.554689884185791016e-01 -7.526949793100357056e-02
1.562500000000000000e-01 -8.515620231628417969e-01 -1.747599989175796509e-02
1.230470016598701477e-01 -8.515620231628417969e-01 1.289749983698129654e-02
8.203099668025970459e-02 -8.515620231628417969e-01 -5.504000000655651093e-03
1.100261658430099487e-01 -8.502600193023681641e-01 1.474766712635755539e-02
-1.106769964098930359e-01 -8.502600193023681641e-01 -9.765099734067916870e-02
7.812500000000000000e-02 -8.483070135116577148e-01 -1.860300078988075256e-02
1.640619933605194092e-01 -8.398439884185791016e-01 -6.012900173664093018e-02
1.662945747375488281e-01 -8.465399742126464844e-01 -4.908871278166770935e-02
1.590400040149688721e-01 -8.465399742126464844e-01 -3.257557004690170288e-02
1.289061903953552246e-01 -8.457030057907104492e-01 1.362500013783574104e-03
1.121094971895217896e-01 -8.429688215255737305e-01 4.271499812602996826e-03
9.430799633264541626e-02 -8.454239964485168457e-01 2.174571389332413673e-03
-9.296879917383193970e-02 -8.445311784744262695e-01 -1.158939972519874573e-01
-1.015624031424522400e-01 -8.437500000000000000e-01 -1.032888963818550110e-01
-1.503907442092895508e-01 -8.457030057907104492e-01 -7.346969097852706909e-02
-1.679686009883880615e-01 -8.457030057907104492e-01 -7.149060070514678955e-02
-1.821292489767074585e-01 -8.466795086860656738e-01 -7.391062378883361816e-02
-1.889647543430328369e-01 -8.447265028953552246e-01 -7.985437661409378052e-02
1.210940033197402954e-01 -8.359379768371582031e-01 -6.448999978601932526e-03
1.113282516598701477e-01 -8.359379768371582031e-01 -4.755000118166208267e-03
1.015620008111000061e-01 -8.359379768371582031e-01 -5.872000008821487427e-03
-7.421900331974029541e-02 -8.359379768371582031e-01 -1.491699963808059692e-01
1.419270038604736328e-01 -8.346356749534606934e-01 -2.241133339703083038e-02
-1.828127950429916382e-01 -8.343752026557922363e-01 -8.694600313901901245e-02
-1.176759973168373108e-01 -8.325196504592895508e-01 -9.055475145578384399e-02
-1.496095061302185059e-01 -8.328126072883605957e-01 -8.437020331621170044e-02
1.570311933755874634e-01 -8.312501907348632812e-01 -5.293900147080421448e-02
1.113282516598701477e-01 -8.281250000000000000e-01 -1.482458319514989853e-02
7.979899644851684570e-02 -8.292411565780639648e-01 -5.090885609388351440e-02
-1.692706644535064697e-01 -8.274739980697631836e-01 -1.037141680717468262e-01
1.507816016674041748e-01 -8.234373927116394043e-01 -4.736899957060813904e-02
1.458334177732467651e-01 -8.284505009651184082e-01 -3.464933484792709351e-02
9.257820248603820801e-02 -8.242185711860656738e-01 -3.108290024101734161e-02
8.593799918889999390e-02 -8.222655057907104492e-01 -4.647549986839294434e-02
8.007799834012985229e-02 -8.203120231628417969e-01 -6.039350107312202454e-02
-3.515600040555000305e-02 -8.222655057907104492e-01 -2.116380035877227783e-01
-9.049499779939651489e-02 -8.268228173255920410e-01 -1.145951673388481140e-01
-9.991762787103652954e-02 -8.285362124443054199e-01 -1.053099483251571655e-01
-1.136068329215049744e-01 -8.251952528953552246e-01 -9.799399971961975098e-02
-1.344865709543228149e-01 -8.214282989501953125e-01 -9.927628934383392334e-02
-1.497396677732467651e-01 -8.248698115348815918e-01 -1.026855036616325378e-01
-1.523440033197402954e-01 -8.216143250465393066e-01 -1.178513318300247192e-01
-1.562500000000000000e-01 -8.203120231628417969e-01 -1.293870061635971069e-01
-1.601559966802597046e-01 -8.203120231628417969e-01 -1.380849927663803101e-01
-1.445309966802597046e-01 -8.164060115814208984e-01 -1.238119974732398987e-01
1.562500000000000000e-01 -8.945313096046447754e-01 3.144599869847297668e-02
-1.041666641831398010e-01 -8.151040077209472656e-01 -1.092816665768623352e-01
-1.152345016598701477e-01 -8.144530057907104492e-01 -1.060971245169639587e-01
9.895800054073333740e-02 -8.138020038604736328e-01 -3.661583364009857178e-02
1.523440033197402954e-01 -8.085939884185791016e-01 -6.292366981506347656e-02
1.455079168081283569e-01 -8.105469942092895508e-01 -5.072600021958351135e-02
1.354166716337203979e-01 -8.059899806976318359e-01 -4.421266540884971619e-02
1.277572959661483765e-01 -8.113511800765991211e-01 -3.644276410341262817e-02
1.113282516598701477e-01 -8.105469942092895508e-01 -3.528475016355514526e-02
9.303981810808181763e-02 -8.093041777610778809e-01 -4.833118245005607605e-02
8.593799918889999390e-02 -8.085939884185791016e-01 -6.358399987220764160e-02
-1.953100040555000305e-02 -8.105469942092895508e-01 -2.392989993095397949e-01
-2.539099939167499542e-02 -8.105469942092895508e-01 -2.249467521905899048e-01
-3.320299834012985229e-02 -8.105469942092895508e-01 -2.068881243467330933e-01
1.632809937000274658e-01 -8.929685950279235840e-01 1.957979984581470490e-02
-9.650729596614837646e-02 -8.097428083419799805e-01 -1.172631755471229553e-01
-1.152345016598701477e-01 -8.066409826278686523e-01 -1.145788729190826416e-01
-1.367187500000000000e-01 -8.066409826278686523e-01 -1.358795017004013062e-01
8.724000304937362671e-02 -8.411459922790527344e-01 -1.240033376961946487e-02
8.203099668025970459e-02 -7.988280057907104492e-01 -7.481750100851058960e-02
-9.765619784593582153e-02 -7.988280057907104492e-01 -1.246085017919540405e-01
-1.139323338866233826e-01 -7.994790077209472656e-01 -1.237405017018318176e-01
7.526033371686935425e-02 -3.562498688697814941e-01 2.130346745252609253e-02
9.825692325830459595e-02 -5.655047893524169922e-01 -3.659953922033309937e-02
-6.208884343504905701e-02 -4.436676204204559326e-01 -4.651647433638572693e-02
1.584820002317428589e-01 -4.218751490116119385e-01 2.987400069832801819e-02
1.289062052965164185e-01 -4.257813990116119385e-01 3.607499971985816956e-02
1.640623956918716431e-01 -5.312500000000000000e-01 -5.595600232481956482e-04
1.090200021862983704e-01 -4.286223649978637695e-01 2.421645447611808777e-02
9.939199686050415039e-02 -4.236112236976623535e-01 1.620155572891235352e-02
7.343740016222000122e-02 -3.035157918930053711e-01 4.205340147018432617e-02
-1.273435950279235840e-01 -6.351562142372131348e-01 -1.520297974348068237e-01
9.296879917383193970e-02 -4.269532859325408936e-01 2.059899969026446342e-03
8.658900111913681030e-02 -4.270834922790527344e-01 -1.309133321046829224e-02
1.464844942092895508e-01 -8.445311784744262695e-01 -1.512049976736307144e-02
-1.156251356005668640e-01 -5.140624046325683594e-01 -8.127160370349884033e-02
-3.185092285275459290e-02 -4.248799085617065430e-01 -5.242769047617912292e-02
-4.765620082616806030e-02 -4.195314049720764160e-01 -4.004320129752159119e-02
1.662325561046600342e-01 -4.273005127906799316e-01 2.427238970994949341e-02
6.770666688680648804e-03 -2.351562678813934326e-01 -3.201553225517272949e-02
-1.210940033197402954e-01 -4.140619933605194092e-01 -4.424599930644035339e-02
1.933590024709701538e-01 -4.121089875698089600e-01 -1.412350032478570938e-02
-1.152345016598701477e-01 -3.027344942092895508e-01 2.088643796741962433e-02
1.289062052965164185e-01 -4.082030057907104492e-01 4.299375042319297791e-02
1.875000000000000000e-01 -2.050780057907104492e-01 4.287299886345863342e-02
1.113282516598701477e-01 -4.082030057907104492e-01 3.745743632316589355e-02
-1.367199979722499847e-02 -4.628907442092895508e-01 -1.136422529816627502e-01
1.054690033197402954e-01 -6.601560115814208984e-01 -6.006500124931335449e-02
1.284949928522109985e-01 -6.897613406181335449e-01 -4.571115970611572266e-02
-3.255200013518333435e-02 -4.049479961395263672e-01 -3.768200054764747620e-02
1.967771202325820923e-01 -4.624024927616119385e-01 -1.529324986040592194e-02
-4.492174834012985229e-02 -4.082030057907104492e-01 -3.384625166654586792e-02
-1.503907442092895508e-01 -2.050780057907104492e-01 2.009450085461139679e-02
1.469352245330810547e-01 -6.908050775527954102e-01 -4.402099922299385071e-02
1.914059966802597046e-01 -3.906250000000000000e-01 9.753333288244903088e-04
1.562500000000000000e-01 -2.304686605930328369e-01 6.417566537857055664e-02
6.510000210255384445e-03 -2.532550096511840820e-01 -4.859183356165885925e-02
-9.765619784593582153e-02 -3.925782442092895508e-01 -1.377080008387565613e-02
7.682300359010696411e-02 -4.388020038604736328e-01 -5.159633234143257141e-02
4.492200165987014771e-02 -2.050780057907104492e-01 4.834225028753280640e-02
1.796876639127731323e-01 -4.257813990116119385e-01 1.616513356566429138e-02
1.471355557441711426e-01 -3.912760615348815918e-01 4.194616526365280151e-02
1.708984971046447754e-01 -4.814452528953552246e-01 9.847000241279602051e-03
1.282268315553665161e-01 -3.901154696941375732e-01 4.821239039301872253e-02
9.126436710357666016e-02 -3.899147212505340576e-01 1.979936286807060242e-02
8.203099668025970459e-02 -4.199219942092895508e-01 -2.185500040650367737e-02
-4.882799834012985229e-02 -7.402344942092895508e-01 -1.791294962167739868e-01
-2.018229961395263672e-01 -8.437500000000000000e-01 -9.593000262975692749e-02
-1.250000000000000000e-01 -4.257813990116119385e-01 -5.607119947671890259e-02
7.617180049419403076e-02 -3.730469942092895508e-01 3.033899934962391853e-03
6.184900179505348206e-02 -3.906250000000000000e-01 -4.864899814128875732e-02
8.593799918889999390e-02 -8.554689884185791016e-01 8.298999629914760590e-03
-4.687489941716194153e-02 -3.867186009883880615e-01 -2.241720072925090790e-02
1.302000018768012524e-03 -2.506510019302368164e-01 -3.452049940824508667e-02
-1.035154983401298523e-01 -7.695310115814208984e-01 -1.652754992246627808e-01
-1.197919994592666626e-01 -3.587238192558288574e-01 -1.002216711640357971e-02
-1.106769964098930359e-01 -4.225261807441711426e-01 -3.868083283305168152e-02
-8.007825165987014771e-02 -3.906250000000000000e-01 -1.358584966510534286e-02
-3.515600040555000305e-02 -6.445310115814208984e-01 -1.674519926309585571e-01
-9.765619784593582153e-02 -3.828119933605194092e-01 -5.526199936866760254e-03
1.705729961395263672e-01 -4.095050096511840820e-01 2.619816735386848450e-02
5.322274938225746155e-02 -2.534177601337432861e-01 4.273512586951255798e-02
-9.798170626163482666e-02 -3.206379115581512451e-01 2.298262529075145721e-02
1.464844942092895508e-01 -4.082030057907104492e-01 3.882025182247161865e-02
-1.269530057907104492e-01 -3.906250000000000000e-01 -3.119960054755210876e-02
9.960900247097015381e-02 -3.906250000000000000e-01 3.415960073471069336e-02
-1.345484405755996704e-01 -3.914931118488311768e-01 -4.933188855648040771e-02
-7.421900331974029541e-02 -3.789060115814208984e-01 -7.491999771445989609e-03
1.464844942092895508e-01 -6.718750000000000000e-01 -3.762239962816238403e-02
7.161433249711990356e-02 -3.776040077209472656e-01 -1.209933310747146606e-02
-1.308590024709701538e-01 -4.257813990116119385e-01 -6.789059937000274658e-02
-1.953100040555000305e-02 -4.277344942092895508e-01 -7.956775277853012085e-02
1.464844942092895508e-01 -3.378907442092895508e-01 5.282068625092506409e-02
8.886750042438507080e-02 -4.970703423023223877e-01 -2.893516607582569122e-02
7.812500000000000000e-02 -8.417969942092895508e-01 -3.099399991333484650e-02
1.617183983325958252e-01 -8.265624046325683594e-01 -6.737069785594940186e-02
-6.072454527020454407e-02 -3.760652840137481689e-01 -1.096209045499563217e-02
1.640623956918716431e-01 -3.730469942092895508e-01 3.518034890294075012e-02
1.425780057907104492e-01 -3.730469942092895508e-01 4.774000123143196106e-02
-1.171879991888999939e-01 -8.554689884185791016e-01 -9.394700080156326294e-02
1.289062052965164185e-01 -3.730469942092895508e-01 5.155545100569725037e-02
0.000000000000000000e+00 -2.773439884185791016e-01 -4.030400142073631287e-02
-1.386719942092895508e-01 -4.140619933605194092e-01 -8.538950234651565552e-02
9.705507755279541016e-02 -3.725962936878204346e-01 3.587123006582260132e-02
-1.263020038604736328e-01 -4.036459922790527344e-01 -3.859233483672142029e-02
8.761200308799743652e-02 -3.738839924335479736e-01 2.055042795836925507e-02
-1.562500000000000000e-02 -4.453119933605194092e-01 -9.406799823045730591e-02
-6.282550096511840820e-02 -6.715494394302368164e-01 -1.563549637794494629e-01
6.298825144767761230e-02 -3.720704913139343262e-01 -1.793912425637245178e-02
-1.289059966802597046e-01 -4.433592557907104492e-01 -6.870341300964355469e-02
5.636185780167579651e-02 -3.738839924335479736e-01 -3.090085648000240326e-02
-7.811999879777431488e-03 -3.671880066394805908e-01 -6.211400032043457031e-02
1.147462502121925354e-01 -3.872068822383880615e-01 4.726099967956542969e-02
-1.562500000000000000e-02 -3.671880066394805908e-01 -3.902100026607513428e-02
1.074220016598701477e-01 -6.191407442092895508e-01 -4.596312344074249268e-02
-3.013399988412857056e-02 -3.724890053272247314e-01 -2.049042843282222748e-02
-6.933549791574478149e-02 -2.138675004243850708e-01 4.643150046467781067e-02
-8.046886324882507324e-02 -3.726564049720764160e-01 1.344266696833074093e-03
-1.250000000000000000e-01 -3.730469942092895508e-01 -2.279650047421455383e-02
9.615369141101837158e-02 -6.370190978050231934e-01 -6.707230955362319946e-02
1.129558309912681580e-01 -4.423826634883880615e-01 1.697124913334846497e-02
-1.953100040555000305e-02 -3.632810115814208984e-01 -2.518700063228607178e-02
-6.835499778389930725e-03 -3.574217557907104492e-01 -6.456225365400314331e-02
-5.664100125432014465e-02 -5.546879768371582031e-01 -9.495700150728225708e-02
1.593748033046722412e-01 -7.042970061302185059e-01 -5.468880012631416321e-02
-2.343799918889999390e-02 -6.054689884185791016e-01 -1.698320060968399048e-01
1.785717159509658813e-01 -3.571427166461944580e-01 2.555828541517257690e-02
3.125000000000000000e-02 -2.128909975290298462e-01 2.979549951851367950e-02
9.678799659013748169e-02 -7.204861044883728027e-01 -8.582367002964019775e-02
1.757809966802597046e-01 -3.515623211860656738e-01 2.923999913036823273e-02
8.593799918889999390e-02 -2.519530057907104492e-01 6.237750127911567688e-02
-9.678810834884643555e-02 -6.306419968605041504e-01 -1.277527809143066406e-01
4.492200165987014771e-02 -3.378908336162567139e-01 -1.387600041925907135e-02
-4.492174834012985229e-02 -8.349612355232238770e-01 -2.241067439317703247e-01
1.005854979157447815e-01 -3.505857586860656738e-01 4.766749963164329529e-02
8.105450123548507690e-02 -3.505857586860656738e-01 3.070149943232536316e-02
3.906233236193656921e-02 -2.167969942092895508e-01 3.941608220338821411e-02
-1.148438677191734314e-01 -4.078123867511749268e-01 -3.285213187336921692e-02
1.271971911191940308e-01 -5.495606660842895508e-01 -1.085031218826770782e-02
-1.497399993240833282e-02 -3.541665077209472656e-01 -3.394466638565063477e-02
-4.264308512210845947e-02 -6.389972567558288574e-01 -1.522392481565475464e-01
-4.583320021629333496e-02 -3.533852696418762207e-01 -4.636666562873870134e-04
-9.407550096511840820e-02 -3.525389134883880615e-01 1.346833351999521255e-02
-1.316960006952285767e-01 -3.571427166461944580e-01 -3.134957328438758850e-02
-9.440100193023681641e-02 -6.653643250465393066e-01 -1.453415006399154663e-01
8.593799918889999390e-02 -5.488282442092895508e-01 -4.384575039148330688e-02
-1.054690033197402954e-01 -3.437500000000000000e-01 9.422999806702136993e-03
1.612721383571624756e-01 -4.076449871063232422e-01 3.191157057881355286e-02
1.289062052965164185e-01 -7.402344942092895508e-01 -5.254045128822326660e-02
7.031200081110000610e-02 -3.417969942092895508e-01 2.572849951684474945e-02
1.855469942092895508e-01 -3.378907442092895508e-01 -1.662662439048290253e-02
1.796880066394805908e-01 -3.378907442092895508e-01 2.690749987959861755e-02
1.113282516598701477e-01 -3.378907442092895508e-01 5.766249820590019226e-02
5.078100040555000305e-02 -3.613280057907104492e-01 -2.957450039684772491e-02
9.895800054073333740e-02 -4.427082240581512451e-01 1.603333366801962256e-04
7.700885832309722900e-02 -3.373327255249023438e-01 3.329057246446609497e-02
-1.026782840490341187e-01 -7.209821343421936035e-01 -1.847914308309555054e-01
-6.445299834012985229e-02 -8.269531130790710449e-01 -1.562373936176300049e-01
-6.510000210255384445e-03 -3.365886807441711426e-01 -4.869833216071128845e-02
5.078100040555000305e-02 -3.281250000000000000e-01 8.162000216543674469e-03
-2.265639975666999817e-02 -3.386720120906829834e-01 -1.304470002651214600e-02
3.515600040555000305e-02 -2.890619933605194092e-01 -8.995999582111835480e-03
-9.724500030279159546e-02 -3.375823795795440674e-01 1.709847338497638702e-02
-4.595582187175750732e-02 -3.196230530738830566e-01 1.629611849784851074e-02
-2.777799963951110840e-02 -4.097220003604888916e-01 -4.751189053058624268e-02
-1.093750000000000000e-01 -3.320310115814208984e-01 1.183999981731176376e-02
1.757809966802597046e-01 -4.589844942092895508e-01 1.197849959135055542e-02
1.523440033197402954e-01 -3.574217557907104492e-01 4.474224895238876343e-02
-1.310761123895645142e-01 -3.385417759418487549e-01 -1.556177809834480286e-02
-1.382814049720764160e-01 -3.375002145767211914e-01 -3.453620150685310364e-02
2.070309966802597046e-01 -5.332030057907104492e-01 -6.382050365209579468e-02
1.835940033197402954e-01 -3.242186605930328369e-01 -2.246166579425334930e-02
-1.210940033197402954e-01 -2.714844942092895508e-01 2.754149958491325378e-02
1.406250000000000000e-01 -3.847655057907104492e-01 4.641000181436538696e-02
-3.906200081110000610e-02 -3.242186605930328369e-01 8.960999548435211182e-03
1.461760997772216797e-01 -7.222449779510498047e-01 -5.302726477384567261e-02
-2.698872797191143036e-02 -3.556461930274963379e-01 -1.485972758382558823e-02
-4.492174834012985229e-02 -4.433592557907104492e-01 -5.319912359118461609e-02
1.875000000000000000e-01 -3.125000000000000000e-01 2.286999952048063278e-03
-5.761750042438507080e-02 -4.326174855232238770e-01 -4.317324981093406677e-02
1.835940033197402954e-01 -3.144530057907104492e-01 2.133299969136714935e-02
1.777344942092895508e-01 -3.203124105930328369e-01 3.410670161247253418e-02
-6.250000000000000000e-02 -2.675782442092895508e-01 3.455534949898719788e-02
1.614581644535064697e-01 -3.196613192558288574e-01 5.149066820740699768e-02
-8.984400331974029541e-02 -3.125000000000000000e-01 2.832699939608573914e-02
1.135603561997413635e-01 -6.713169217109680176e-01 -5.264249816536903381e-02
8.724000304937362671e-02 -4.095050096511840820e-01 2.180499956011772156e-03
9.570299834012985229e-02 -4.082030057907104492e-01 2.018933370709419250e-02
7.617200165987014771e-02 -4.082030057907104492e-01 -3.308499976992607117e-02
1.958004981279373169e-01 -4.262697398662567139e-01 -1.263537537306547165e-02
-1.132812872529029846e-01 -3.540734946727752686e-01 -1.066285767592489719e-03
-1.351561397314071655e-01 -5.664061903953552246e-01 -1.191049963235855103e-01
-5.703160166740417480e-02 -8.265624046325683594e-01 -1.731162071228027344e-01
-3.905999939888715744e-03 -3.417969942092895508e-01 -6.490950286388397217e-02
-6.199052184820175171e-02 -5.670855045318603516e-01 -9.946143627166748047e-02
-6.835900247097015381e-02 -5.585939884185791016e-01 -9.376099705696105957e-02
-1.264647543430328369e-01 -3.540037572383880615e-01 -1.772174984216690063e-02
-1.179689988493919373e-01 -3.738282024860382080e-01 -1.300259958952665329e-02
-3.905999939888715744e-03 -3.222655057907104492e-01 -4.991124942898750305e-02
1.156252026557922363e-01 -3.156248033046722412e-01 6.403979659080505371e-02
-1.106769964098930359e-01 -3.717449903488159180e-01 -4.634500015527009964e-03
1.098959296941757202e-01 -3.218749463558197021e-01 6.106080114841461182e-02
9.481526911258697510e-02 -3.197797238826751709e-01 5.204818025231361389e-02
-9.114599972963333130e-02 -7.037761807441711426e-01 -1.617706716060638428e-01
9.096000343561172485e-02 -5.142297744750976562e-01 -3.018292784690856934e-02
4.403408989310264587e-02 -3.192470967769622803e-01 1.011818181723356247e-03
7.617174834012985229e-02 -3.203124105930328369e-01 3.863935172557830811e-02
-9.765500202775001526e-03 -3.203124105930328369e-01 -3.238109871745109558e-02
-1.562500000000000000e-02 -3.203124105930328369e-01 -1.941959932446479797e-02
-3.271475061774253845e-02 -5.825196504592895508e-01 -1.246288716793060303e-01
-3.033094108104705811e-02 -3.196230530738830566e-01 1.353470608592033386e-03
1.226563975214958191e-01 -4.656251966953277588e-01 8.714599534869194031e-03
-3.417950123548507690e-02 -4.404295086860656738e-01 -5.781124904751777649e-02
-6.161227449774742126e-02 -3.212001919746398926e-01 2.496863715350627899e-02
8.789099752902984619e-02 -7.753908038139343262e-01 -8.420699834823608398e-02
-3.515600040555000305e-02 -3.496089875698089600e-01 -5.621499847620725632e-03
-9.765619784593582153e-02 -2.050780057907104492e-01 4.848780110478401184e-02
1.868489980697631836e-01 -6.380206942558288574e-01 -6.502299755811691284e-02
-1.138021349906921387e-01 -3.187498748302459717e-01 1.558279991149902344e-02
2.015625983476638794e-01 -4.562500119209289551e-01 -2.933759987354278564e-02
-1.347655057907104492e-01 -6.191407442092895508e-01 -1.500754952430725098e-01
-1.315102726221084595e-01 -3.190102875232696533e-01 2.527833217754960060e-03
7.552072405815124512e-02 -2.350260615348815918e-01 5.994477868080139160e-02
-1.445309966802597046e-01 -3.125000000000000000e-01 -5.570000037550926208e-03
-1.458333283662796021e-01 -3.164060115814208984e-01 -1.828433386981487274e-02
1.718750000000000000e-01 -3.085939884185791016e-01 4.550699889659881592e-02
1.015620008111000061e-01 -7.246092557907104492e-01 -7.522449642419815063e-02
1.354166716337203979e-01 -4.739579856395721436e-01 1.157733332365751266e-02
-1.464849989861249924e-02 -3.730469942092895508e-01 -4.889725148677825928e-02
-7.617200165987014771e-02 -3.632810115814208984e-01 9.536500088870525360e-03
1.914059966802597046e-01 -3.007813394069671631e-01 3.050666768103837967e-03
1.835940033197402954e-01 -3.027344942092895508e-01 2.489699982106685638e-02
9.375000000000000000e-02 -2.050780057907104492e-01 7.264660298824310303e-02
1.636512130498886108e-01 -3.024260997772216797e-01 5.236442014575004578e-02
-9.868415445089340210e-02 -6.739310026168823242e-01 -1.517216861248016357e-01
1.464844942092895508e-01 -3.027344942092895508e-01 6.080806255340576172e-02
1.289062052965164185e-01 -3.027344942092895508e-01 6.539624929428100586e-02
-9.765619784593582153e-02 -6.542969942092895508e-01 -1.397939473390579224e-01
1.121652871370315552e-01 -3.021764159202575684e-01 6.562814116477966309e-02
3.645800054073333740e-02 -2.864583432674407959e-01 1.316833309829235077e-03
1.503909975290298462e-01 -3.730469942092895508e-01 4.385450109839439392e-02
-1.562500000000000000e-02 -3.847655057907104492e-01 -5.595650151371955872e-02
1.464844942092895508e-01 -2.167969942092895508e-01 7.049756497144699097e-02
-1.450899988412857056e-02 -2.327008545398712158e-01 -3.094428684562444687e-03
1.136364564299583435e-01 -4.779828190803527832e-01 -2.421818207949399948e-03
2.050780057907104492e-01 -5.546879768371582031e-01 -6.861600279808044434e-02
-1.149261072278022766e-01 -5.308388471603393555e-01 -8.759226649999618530e-02
-8.007825165987014771e-02 -2.851561903953552246e-01 3.481410071253776550e-02
-1.250000000000000000e-01 -6.308590173721313477e-01 -1.417074948549270630e-01
9.027799963951110840e-02 -4.431422352790832520e-01 -1.484777778387069702e-02
-2.455399930477142334e-02 -4.274555742740631104e-01 -6.792885810136795044e-02
5.208333209156990051e-02 -3.040366768836975098e-01 2.408566698431968689e-02
1.562500000000000000e-02 -2.070309966802597046e-01 -8.260999806225299835e-03
-1.381836235523223877e-01 -3.041993677616119385e-01 7.882875390350818634e-03
-6.640599668025970459e-02 -8.398439884185791016e-01 -1.989510059356689453e-01
8.138000220060348511e-02 -3.893228471279144287e-01 -3.020833246409893036e-03
1.673676967620849609e-01 -2.172476947307586670e-01 5.887730792164802551e-02
5.580371245741844177e-02 -2.681362926959991455e-01 4.017114266753196716e-02
-1.692710071802139282e-01 -2.363281697034835815e-01 -1.088050007820129395e-02
1.914059966802597046e-01 -6.367186903953552246e-01 -8.169999718666076660e-02
1.855469942092895508e-01 -2.343750000000000000e-01 3.949550166726112366e-02
1.582030057907104492e-01 -2.050780057907104492e-01 6.619700044393539429e-02
9.076306223869323730e-02 -2.858455181121826172e-01 5.873170495033264160e-02
1.579239964485168457e-01 -2.159599959850311279e-01 6.499599665403366089e-02
6.542950123548507690e-02 -3.505857586860656738e-01 1.460475008934736252e-02
-6.835900247097015381e-02 -5.937500000000000000e-01 -1.109884977340698242e-01
1.009109988808631897e-01 -6.705728173255920410e-01 -7.112633436918258667e-02
-9.733066707849502563e-02 -2.848306596279144287e-01 3.255508467555046082e-02
5.859379842877388000e-02 -2.050780057907104492e-01 5.752220004796981812e-02
1.875000000000000000e-01 -4.257813990116119385e-01 7.501400075852870941e-03
8.203099668025970459e-02 -2.285155057907104492e-01 6.400349736213684082e-02
1.914059966802597046e-01 -5.292969942092895508e-01 -2.073550038039684296e-02
-1.319443285465240479e-01 -2.048610001802444458e-01 3.410922363400459290e-02
8.072900027036666870e-02 -3.684900104999542236e-01 1.552033331245183945e-02
-3.515600040555000305e-02 -3.828119933605194092e-01 -2.352599985897541046e-02
1.914059966802597046e-01 -4.433592557907104492e-01 -1.735249999910593033e-03
9.570299834012985229e-02 -2.519530057907104492e-01 6.764881312847137451e-02
-3.515600040555000305e-02 -6.640620231628417969e-01 -1.841699928045272827e-01
1.141494438052177429e-01 -4.223091006278991699e-01 3.278499841690063477e-02
8.906280249357223511e-02 -3.386720120906829834e-01 4.213440045714378357e-02
1.584820002317428589e-01 -3.359375596046447754e-01 4.805000126361846924e-02
1.289062052965164185e-01 -2.519530057907104492e-01 7.190935313701629639e-02
1.831056922674179077e-01 -4.614258706569671631e-01 5.245937500149011612e-03
-8.007825165987014771e-02 -2.675782442092895508e-01 3.787818923592567444e-02
-8.051227778196334839e-02 -3.546005487442016602e-01 1.571305468678474426e-02
-1.015620008111000061e-01 -7.343750000000000000e-01 -1.832309961318969727e-01
-3.203120082616806030e-02 -3.371095061302185059e-01 -2.554700011387467384e-03
-1.144302338361740112e-01 -3.894760608673095703e-01 -1.749352924525737762e-02
-3.515600040555000305e-02 -5.937500000000000000e-01 -1.287859976291656494e-01
1.774554252624511719e-01 -6.534600257873535156e-01 -5.220299959182739258e-02
2.734399959444999695e-02 -2.265619933605194092e-01 -2.188000082969665527e-02
-4.101549834012985229e-02 -2.519530057907104492e-01 2.548537589609622955e-02
1.914059966802597046e-01 -2.480469942092895508e-01 1.336199976503849030e-02
1.293173730373382568e-01 -5.836760997772216797e-01 -1.921457983553409576e-02
1.670672297477722168e-01 -3.389424681663513184e-01 4.052500054240226746e-02
-1.977537572383880615e-01 -8.471677303314208984e-01 -8.972024917602539062e-02
-4.882500041276216507e-03 -2.197265028953552246e-01 -9.824999608099460602e-03
1.113282516598701477e-01 -5.312500000000000000e-01 -1.674880087375640869e-02
1.450196206569671631e-01 -3.549803197383880615e-01 4.865737631916999817e-02
-2.126744389533996582e-02 -2.352431118488311768e-01 5.961333401501178741e-03
-5.468799918889999390e-02 -2.929689884185791016e-01 2.801200002431869507e-02
-3.515600040555000305e-02 -7.578123807907104492e-01 -2.084150016307830811e-01
-6.250000000000000000e-02 -2.343750000000000000e-01 4.041900113224983215e-02
-1.009614616632461548e-01 -3.581729233264923096e-01 7.329769432544708252e-03
1.007807999849319458e-01 -5.828126072883605957e-01 -3.972399979829788208e-02
1.113282516598701477e-01 -2.519530057907104492e-01 7.321637868881225586e-02
-1.302081048488616943e-01 -4.084199965000152588e-01 -5.140088871121406555e-02
1.456474214792251587e-01 -2.513949871063232422e-01 6.614271551370620728e-02
-7.964422553777694702e-02 -2.352431118488311768e-01 4.415066540241241455e-02
-7.976984232664108276e-02 -7.582235932350158691e-01 -1.599891632795333862e-01
5.078100040555000305e-02 -2.402344942092895508e-01 4.467099905014038086e-02
-4.401026666164398193e-02 -4.278647303581237793e-01 -4.620020091533660889e-02
-4.557283222675323486e-02 -5.305989980697631836e-01 -8.924877643585205078e-02
1.860352456569671631e-01 -5.678709745407104492e-01 -2.863587439060211182e-02
7.187479734420776367e-02 -4.085935950279235840e-01 -4.897420108318328857e-02
-7.890640199184417725e-02 -4.132808148860931396e-01 -2.631860040128231049e-02
0.000000000000000000e+00 -3.164060115814208984e-01 -5.931400135159492493e-02
1.914059966802597046e-01 -2.265619933605194092e-01 2.882199920713901520e-02
-8.007825165987014771e-02 -5.488282442092895508e-01 -8.798856288194656372e-02
-8.398450165987014771e-02 -2.265619933605194092e-01 4.617099836468696594e-02
3.125000000000000000e-02 -2.773439884185791016e-01 -1.252999994903802872e-03
1.699219942092895508e-01 -8.906250000000000000e-01 6.649999879300594330e-03
-8.125019818544387817e-02 -6.296871900558471680e-01 -1.280225962400436401e-01
-1.054690033197402954e-01 -7.031250000000000000e-01 -1.999810039997100830e-01
-5.859000142663717270e-03 -8.007810115814208984e-01 -2.763549983501434326e-01
2.994799986481666565e-02 -2.044270038604736328e-01 3.214933350682258606e-02
1.406250000000000000e-01 -8.164060115814208984e-01 -4.032900184392929077e-02
-1.640623360872268677e-01 -2.167969942092895508e-01 2.355416771024465561e-03
-1.300221383571624756e-01 -2.162390053272247314e-01 3.274821490049362183e-02
1.651277244091033936e-01 -2.349076867103576660e-01 5.820500105619430542e-02
-1.274856328964233398e-01 -2.336647212505340576e-01 3.119363635778427124e-02
-1.289059966802597046e-01 -5.488282442092895508e-01 -1.050488352775573730e-01
9.375000000000000000e-02 -3.027344942092895508e-01 5.607049912214279175e-02
-1.406250000000000000e-01 -3.417969942092895508e-01 -5.074949935078620911e-02
-1.474610865116119385e-01 -2.333984225988388062e-01 1.469241641461849213e-02
9.570299834012985229e-02 -6.894530057907104492e-01 -8.644449710845947266e-02
-1.328123956918716431e-01 -2.675782442092895508e-01 2.070024982094764709e-02
1.796876639127731323e-01 -2.050780057907104492e-01 5.074450001120567322e-02
1.054690033197402954e-01 -3.066410124301910400e-01 6.258749961853027344e-02
-9.905128926038742065e-02 -4.453123509883880615e-01 -4.493135586380958557e-02
1.477866619825363159e-01 -8.567709922790527344e-01 3.934999927878379822e-03
9.218759834766387939e-02 -8.609375953674316406e-01 2.209406718611717224e-02
-4.296860098838806152e-02 -3.945313990116119385e-01 -2.669229917228221893e-02
-1.547852456569671631e-01 -2.358398735523223877e-01 6.858999840915203094e-03
1.406250000000000000e-01 -8.847655057907104492e-01 4.752049967646598816e-02
-1.119791641831398010e-01 -5.455729961395263672e-01 -9.242116659879684448e-02
7.161433249711990356e-02 -3.938803374767303467e-01 -3.230816498398780823e-02
1.640623956918716431e-01 -4.433592557907104492e-01 2.102944999933242798e-02
1.464844942092895508e-01 -3.203124105930328369e-01 5.873360112309455872e-02
-1.953100040555000305e-02 -4.824219942092895508e-01 -9.508299827575683594e-02
-5.859399959444999695e-02 -8.398439884185791016e-01 -2.082699984312057495e-01
7.568362355232238770e-02 -3.891601264476776123e-01 -1.698162592947483063e-02
-1.953100040555000305e-02 -2.207030057907104492e-01 7.956000044941902161e-03
1.054690033197402954e-01 -3.769530057907104492e-01 4.452550038695335388e-02
-1.406250000000000000e-01 -3.281250000000000000e-01 -2.797299996018409729e-02
-9.816569834947586060e-02 -2.350543886423110962e-01 4.364087060093879700e-02
1.320799440145492554e-01 -6.706542372703552246e-01 -3.881875053048133850e-02
4.687500000000000000e-02 -3.554689884185791016e-01 -2.166000008583068848e-02
-2.064728550612926483e-02 -4.977678656578063965e-01 -9.813842922449111938e-02
1.629970520734786987e-01 -3.900923132896423340e-01 3.364813700318336487e-02
-1.044922471046447754e-01 -2.197265028953552246e-01 4.490000009536743164e-02
1.406250000000000000e-01 -4.843750000000000000e-01 1.016299985349178314e-02
-1.141827702522277832e-01 -5.829327702522277832e-01 -1.088557690382003784e-01
1.850587427616119385e-01 -3.569335043430328369e-01 -4.083749954588711262e-04
-4.003874957561492920e-02 -6.064452528953552246e-01 -1.320242434740066528e-01
7.617174834012985229e-02 -2.519530057907104492e-01 5.694850161671638489e-02
1.858260035514831543e-01 -2.176340073347091675e-01 4.248057305812835693e-02
8.203099668025970459e-02 -7.773439884185791016e-01 -9.099433571100234985e-02
-1.562500000000000000e-02 -5.839844942092895508e-01 -1.611489951610565186e-01
1.608884930610656738e-01 -6.003416776657104492e-01 -2.095806226134300232e-02
-8.007825165987014771e-02 -6.542969942092895508e-01 -1.408493816852569580e-01
8.761200308799743652e-02 -2.684152722358703613e-01 6.071014329791069031e-02
1.284949928522109985e-01 -6.194491386413574219e-01 -2.887852676212787628e-02
-8.138033002614974976e-02 -7.799479961395263672e-01 -1.447076648473739624e-01
-1.152345016598701477e-01 -2.343750000000000000e-01 3.822664916515350342e-02
8.593799918889999390e-02 -7.871090173721313477e-01 -8.050350099802017212e-02
1.783855557441711426e-01 -2.161460071802139282e-01 5.040866509079933167e-02
1.113282516598701477e-01 -2.167969942092895508e-01 7.579281181097030640e-02
7.890620082616806030e-02 -2.160158008337020874e-01 6.518880277872085571e-02
1.015620008111000061e-01 -6.894530057907104492e-01 -7.462275028228759766e-02
9.375000000000000000e-02 -2.343750000000000000e-01 6.839136034250259399e-02
-8.007825165987014771e-02 -2.167969942092895508e-01 4.748037457466125488e-02
-1.197919994592666626e-01 -3.971356749534606934e-01 -2.600066736340522766e-02
7.161433249711990356e-02 -2.180989980697631836e-01 6.167233362793922424e-02
1.464844942092895508e-01 -2.050780057907104492e-01 7.188150286674499512e-02
2.042409926652908325e-01 -5.295760035514831543e-01 -4.868985712528228760e-02
8.593799918889999390e-02 -3.242186605930328369e-01 4.418033361434936523e-02
1.757809966802597046e-01 -6.679686903953552246e-01 -5.620333179831504822e-02
-9.843719750642776489e-02 -7.058594822883605957e-01 -1.709319949150085449e-01
5.859379842877388000e-02 -2.167969942092895508e-01 5.514245107769966125e-02
-1.311033815145492554e-01 -8.452147245407104492e-01 -8.033412694931030273e-02
-3.905999939888715744e-03 -2.675782442092895508e-01 -2.851774916052818298e-02
1.608070880174636841e-01 -7.220051884651184082e-01 -6.719041615724563599e-02
-1.284720003604888916e-01 -6.189237833023071289e-01 -1.374586671590805054e-01
1.121652871370315552e-01 -3.724890053272247314e-01 4.933364316821098328e-02
1.933590024709701538e-01 -2.050780057907104492e-01 3.330599889159202576e-02
-1.406250000000000000e-01 -2.070309966802597046e-01 2.761000022292137146e-02
-1.367199979722499847e-02 -3.886717557907104492e-01 -6.748349964618682861e-02
9.375000000000000000e-02 -6.699219942092895508e-01 -9.741950035095214844e-02
-5.078100040555000305e-02 -8.222655057907104492e-01 -1.784150004386901855e-01
2.343799918889999390e-02 -2.128909975290298462e-01 -9.275000193156301975e-04
-6.466999650001525879e-02 -3.693580031394958496e-01 -2.051111077889800072e-03
-8.007825165987014771e-02 -4.609375894069671631e-01 -5.006774887442588806e-02
1.171899959444999695e-02 -2.226559966802597046e-01 -2.666199952363967896e-02
1.992190033197402954e-01 -2.324219942092895508e-01 -9.933499619364738464e-03
3.515600040555000305e-02 -2.382813394069671631e-01 2.590299956500530243e-02
1.777344942092895508e-01 -2.343750000000000000e-01 4.892639815807342529e-02
1.710938066244125366e-01 -6.554688215255737305e-01 -4.451179876923561096e-02
-4.461336880922317505e-02 -2.855673730373382568e-01 2.281673625111579895e-02
5.468599963933229446e-03 -2.164064049720764160e-01 -1.520846690982580185e-02
-1.269533298909664154e-02 -2.841796576976776123e-01 -1.522241625934839249e-02
2.929699979722499847e-02 -2.167969942092895508e-01 2.188575081527233124e-02
1.464844942092895508e-01 -5.488282442092895508e-01 -3.956312313675880432e-03
-2.099612541496753693e-02 -3.217772543430328369e-01 -1.095675025135278702e-02
-9.834553301334381104e-02 -6.045495271682739258e-01 -1.150999963283538818e-01
7.617174834012985229e-02 -2.050780057907104492e-01 6.622012704610824585e-02
1.875000000000000000e-01 -3.242186605930328369e-01 -3.078900091350078583e-02
-1.500001996755599976e-01 -8.148435950279235840e-01 -1.371075958013534546e-01
1.875000000000000000e-01 -2.578119933605194092e-01 2.706399932503700256e-02
1.210940033197402954e-01 -6.601560115814208984e-01 -4.264799878001213074e-02
-6.079112365841865540e-02 -2.175293713808059692e-01 4.306868836283683777e-02
3.710899874567985535e-02 -2.050780057907104492e-01 4.097599908709526062e-02
3.906200081110000610e-02 -3.085939884185791016e-01 -1.582100056111812592e-02
-1.562500000000000000e-02 -8.085939884185791016e-01 -2.484856694936752319e-01
2.044270038604736328e-01 -4.674479961395263672e-01 -4.633966833353042603e-02
2.031259983777999878e-02 -2.046874016523361206e-01 6.720000237692147493e-05
-1.093750000000000000e-01 -6.875000000000000000e-01 -1.853280067443847656e-01
5.357157066464424133e-02 -3.387278616428375244e-01 3.620428498834371567e-03
-1.445309966802597046e-01 -2.519530057907104492e-01 1.223224960267543793e-02
-1.679686009883880615e-01 -8.339844942092895508e-01 -8.355680108070373535e-02
-5.989599972963333130e-02 -3.580727875232696533e-01 5.754733458161354065e-03
5.891933292150497437e-02 -2.848306596279144287e-01 3.722345829010009766e-02
-1.143974289298057556e-01 -2.670202255249023438e-01 3.191828727722167969e-02
1.171879991888999939e-01 -4.531250000000000000e-01 1.232500001788139343e-02
9.673693776130676270e-02 -6.008730530738830566e-01 -5.100964754819869995e-02
4.557166714221239090e-03 -2.044270038604736328e-01 -4.205999895930290222e-03
-1.171876937150955200e-01 -4.630410075187683105e-01 -6.357092410326004028e-02
-3.076175041496753693e-02 -2.338866889476776123e-01 1.807806268334388733e-02
7.812000112608075142e-04 -2.664063870906829834e-01 -3.775899857282638550e-02
8.203099668025970459e-02 -4.433592557907104492e-01 -3.536725044250488281e-02
8.593799918889999390e-02 -3.925782442092895508e-01 6.783000193536281586e-03
-2.455371432006359100e-02 -2.053570002317428589e-01 2.218385785818099976e-02
1.435547471046447754e-01 -8.701174855232238770e-01 3.216850012540817261e-02
1.579239964485168457e-01 -8.113840222358703613e-01 -7.151628285646438599e-02
-4.101549834012985229e-02 -7.753907442092895508e-01 -1.893489956855773926e-01
-4.218740016222000122e-02 -3.617185950279235840e-01 -8.998000063002109528e-03
-4.492174834012985229e-02 -2.167969942092895508e-01 3.507993742823600769e-02
-9.114444255828857422e-03 -2.513020038604736328e-01 -1.589277759194374084e-02
-3.906200081110000610e-02 -5.371090173721313477e-01 -9.564399719238281250e-02
-1.464849989861249924e-02 -8.232420086860656738e-01 -2.610709965229034424e-01
1.113282516598701477e-01 -2.675782442092895508e-01 7.171718776226043701e-02
-2.031240053474903107e-02 -3.937501907348632812e-01 -4.975960031151771545e-02
-4.296857118606567383e-02 -8.281248807907104492e-01 -2.071664333343505859e-01
1.875000074505805969e-02 -2.210935950279235840e-01 -2.724820002913475037e-02
9.277349710464477539e-02 -3.560545444488525391e-01 3.866050019860267639e-02
1.232639998197555542e-01 -6.740452051162719727e-01 -4.430577903985977173e-02
-1.164552494883537292e-01 -2.863768637180328369e-01 2.506900019943714142e-02
1.875000000000000000e-01 -4.082030057907104492e-01 7.992249913513660431e-03
-1.562500000000000000e-01 -2.851560115814208984e-01 -2.538700029253959656e-02
-6.528999656438827515e-02 -2.047989964485168457e-01 4.722557216882705688e-02
-1.328119933605194092e-01 -4.140619933605194092e-01 -6.351099908351898193e-02
-1.601559966802597046e-01 -2.031250000000000000e-01 1.142599992454051971e-02
-1.953119933605194092e-01 -8.359379768371582031e-01 -9.585499763488769531e-02
-1.367190033197402954e-01 -4.433592557907104492e-01 -8.552300184965133667e-02
9.653999656438827515e-02 -4.779574275016784668e-01 -1.719714328646659851e-02
1.914059966802597046e-01 -4.277344942092895508e-01 -2.083749976009130478e-03
1.117188632488250732e-01 -6.539064049720764160e-01 -5.065580084919929504e-02
8.072900027036666870e-02 -4.069010019302368164e-01 -1.582816615700721741e-02
1.523440033197402954e-01 -8.417969942092895508e-01 -2.751499973237514496e-02
-1.367199979722499847e-02 -5.677081942558288574e-01 -1.543063372373580933e-01
5.468799918889999390e-02 -3.750000000000000000e-01 -4.564400017261505127e-02
-1.347655057907104492e-01 -2.519530057907104492e-01 2.189306169748306274e-02
1.464844942092895508e-01 -2.343750000000000000e-01 6.825944781303405762e-02
-1.601559966802597046e-01 -2.500000000000000000e-01 -4.042666871100664139e-03
-1.152345016598701477e-01 -2.167969942092895508e-01 4.102100059390068054e-02
-1.386719942092895508e-01 -3.554686009883880615e-01 -5.083709955215454102e-02
1.015620008111000061e-01 -7.011719942092895508e-01 -7.640949636697769165e-02
1.707590073347091675e-01 -3.219865858554840088e-01 4.338242858648300171e-02
-1.160715743899345398e-01 -2.053570002317428589e-01 4.271014407277107239e-02
1.473215669393539429e-01 -8.803012371063232422e-01 3.860478475689888000e-02
-4.199208319187164307e-02 -7.236327528953552246e-01 -1.902613341808319092e-01
1.976560056209564209e-01 -2.312497943639755249e-01 1.742199994623661041e-03
-5.970999971032142639e-02 -7.056362628936767578e-01 -1.686782091856002808e-01
1.289062052965164185e-01 -2.050780057907104492e-01 7.726170122623443604e-02
1.132813319563865662e-01 -8.710939884185791016e-01 4.773166775703430176e-02
-1.626417338848114014e-01 -2.336647212505340576e-01 -1.065454562194645405e-03
-1.250000000000000000e-01 -3.125000000000000000e-01 1.200800016522407532e-02
-9.179700165987014771e-02 -2.265619933605194092e-01 4.607500135898590088e-02
-1.396484971046447754e-01 -8.476560115814208984e-01 -7.590399682521820068e-02
-1.093740016222000122e-02 -2.683595120906829834e-01 -1.515209954231977463e-02
1.843751966953277588e-01 -6.199219822883605957e-01 -5.009130015969276428e-02
-1.393229961395263672e-01 -2.180989980697631836e-01 2.565683424472808838e-02
-1.324868798255920410e-01 -2.848306596279144287e-01 1.679375022649765015e-02
-4.687500000000000000e-02 -2.343750000000000000e-01 3.267946839332580566e-02
-3.385400027036666870e-02 -2.044270038604736328e-01 3.161666542291641235e-02
9.722200036048889160e-02 -8.680557608604431152e-01 3.478933498263359070e-02
1.468750983476638794e-01 -8.644531965255737305e-01 1.920690014958381653e-02
1.601559966802597046e-01 -8.046879768371582031e-01 -7.718200236558914185e-02
-4.882799834012985229e-02 -7.753907442092895508e-01 -1.744527518749237061e-01
1.718750000000000000e-01 -3.945313394069671631e-01 2.762266620993614197e-02
-6.835900247097015381e-02 -8.105469942092895508e-01 -1.412307471036911011e-01
2.001955062150955200e-01 -2.167969942092895508e-01 1.387499971315264702e-03
-3.906200081110000610e-02 -2.343750000000000000e-01 2.658939920365810394e-02
-4.622400179505348206e-02 -8.242186903953552246e-01 -1.919309943914413452e-01
8.593799918889999390e-02 -3.632810115814208984e-01 2.712300047278404236e-02
2.120542898774147034e-02 -2.159599959850311279e-01 -1.435857173055410385e-02
1.437499970197677612e-01 -7.394531965255737305e-01 -5.601429939270019531e-02
-9.765619784593582153e-02 -4.257813990116119385e-01 -3.460804000496864319e-02
-4.999979957938194275e-02 -2.664063870906829834e-01 2.948700077831745148e-02
-1.953100040555000305e-02 -4.433592557907104492e-01 -9.059999883174896240e-02
-1.093750000000000000e-01 -2.031250000000000000e-01 4.591000080108642578e-02
-1.617183983325958252e-01 -2.648437917232513428e-01 -1.656479947268962860e-02
-6.528999656438827515e-02 -3.021764159202575684e-01 3.030564263463020325e-02
-9.619137644767761230e-02 -4.038087427616119385e-01 -2.206612564623355865e-02
6.132819876074790955e-02 -3.554686009883880615e-01 1.298799994401633739e-03
-1.495537161827087402e-01 -2.162390053272247314e-01 1.755342818796634674e-02
-4.882799834012985229e-02 -7.578123807907104492e-01 -1.770057976245880127e-01
9.375000000000000000e-02 -2.167969942092895508e-01 7.074005156755447388e-02
-9.765606373548507690e-02 -7.562498450279235840e-01 -1.715050637722015381e-01
-7.211307529360055923e-03 -2.352764606475830078e-01 -1.454538479447364807e-02
1.062501966953277588e-01 -4.796873927116394043e-01 -8.565800264477729797e-03
-9.765619784593582153e-02 -3.730469942092895508e-01 1.826049992814660072e-03
1.562500000000000000e-01 -5.585939884185791016e-01 -6.579999811947345734e-03
2.008929997682571411e-01 -5.848215818405151367e-01 -6.773085892200469971e-02
-6.900999695062637329e-02 -7.962238192558288574e-01 -1.436969935894012451e-01
-5.664100125432014465e-02 -8.359379768371582031e-01 -2.076500058174133301e-01
-1.339299976825714111e-02 -3.387278616428375244e-01 -3.133857250213623047e-02
2.044270038604736328e-01 -2.057289928197860718e-01 1.838666619732975960e-03
1.757809966802597046e-01 -2.675782442092895508e-01 4.689374938607215881e-02
1.090495809912681580e-01 -3.929037451744079590e-01 4.229383170604705811e-02
-1.152345016598701477e-01 -7.871090173721313477e-01 -1.499149948358535767e-01
1.113282516598701477e-01 -2.050780057907104492e-01 7.706537842750549316e-02
1.157228723168373108e-01 -5.649413466453552246e-01 -2.199850045144557953e-02
1.640623956918716431e-01 -2.519530057907104492e-01 5.652974918484687805e-02
1.875000000000000000e-01 -2.675782442092895508e-01 2.288725040853023529e-02
-5.859399959444999695e-02 -8.105469942092895508e-01 -1.556559205055236816e-01
-1.041666697710752487e-02 -3.548175096511840820e-01 -5.017599835991859436e-02
1.960933953523635864e-01 -2.156251966953277588e-01 1.906879991292953491e-02
-1.953100040555000305e-02 -5.898439884185791016e-01 -1.670349985361099243e-01
3.125000000000000000e-02 -2.734380066394805908e-01 -6.870999932289123535e-03
-8.007825165987014771e-02 -5.839844942092895508e-01 -1.044119969010353088e-01
-4.492174834012985229e-02 -3.027344942092895508e-01 1.997750066220760345e-02
-1.093750000000000000e-01 -6.901040077209472656e-01 -1.774646639823913574e-01
1.412760019302368164e-01 -7.565103173255920410e-01 -5.729233473539352417e-02
-9.863275289535522461e-02 -4.111325144767761230e-01 -2.714958414435386658e-02
-1.562500000000000000e-01 -2.207030057907104492e-01 1.000799983739852905e-02
-4.101549834012985229e-02 -7.578123807907104492e-01 -1.903336048126220703e-01
-1.718750000000000000e-01 -2.167969942092895508e-01 -1.787850074470043182e-02
1.289062052965164185e-01 -2.851561903953552246e-01 6.759656220674514771e-02
1.470171809196472168e-01 -6.168325543403625488e-01 -2.294545434415340424e-02
-1.867188066244125366e-01 -8.312500119209289551e-01 -1.003099977970123291e-01
8.945339918136596680e-02 -7.929685711860656738e-01 -6.765239685773849487e-02
4.687500000000000000e-02 -3.496089875698089600e-01 -2.930900081992149353e-02
-4.523015767335891724e-02 -5.659949779510498047e-01 -1.056317389011383057e-01
1.868489980697631836e-01 -6.028645038604736328e-01 -4.567916691303253174e-02
1.523440033197402954e-01 -2.558589875698089600e-01 6.244250014424324036e-02
1.601559966802597046e-01 -7.851560115814208984e-01 -9.459400177001953125e-02
8.007799834012985229e-02 -4.257813394069671631e-01 -3.316366672515869141e-02
-6.597200036048889160e-02 -6.514760255813598633e-01 -1.440203338861465454e-01
6.484360247850418091e-02 -3.859373927116394043e-01 -3.564260154962539673e-02
-1.321613341569900513e-01 -8.307293057441711426e-01 -8.669872581958770752e-02
-8.333344757556915283e-02 -8.111979961395263672e-01 -1.256373375654220581e-01
-3.320299834012985229e-02 -2.675782442092895508e-01 1.591562479734420776e-02
1.800131648778915405e-01 -3.736979961395263672e-01 2.090224996209144592e-02
-1.406250000000000000e-01 -4.433592557907104492e-01 -1.004694998264312744e-01
6.640599668025970459e-02 -3.671880066394805908e-01 -4.114999901503324509e-03
-1.250000000000000000e-01 -2.519530057907104492e-01 2.994924969971179962e-02
1.777344942092895508e-01 -3.027344942092895508e-01 3.883025050163269043e-02
-9.765619784593582153e-02 -2.519530057907104492e-01 4.045790061354637146e-02
1.432291120290756226e-01 -2.669272124767303467e-01 6.514077633619308472e-02
-8.007825165987014771e-02 -2.519530057907104492e-01 4.096543788909912109e-02
-6.250000000000000000e-02 -7.402344942092895508e-01 -1.689783483743667603e-01
1.289062052965164185e-01 -2.343750000000000000e-01 7.393936067819595337e-02
1.855469942092895508e-01 -4.433592557907104492e-01 6.791375111788511276e-03
-4.261354729533195496e-02 -2.681109011173248291e-01 2.415309101343154907e-02
1.289062052965164185e-01 -8.945313096046447754e-01 5.143413320183753967e-02
-7.589299976825714111e-02 -8.097100257873535156e-01 -1.328205764293670654e-01
-2.343766577541828156e-02 -2.675782442092895508e-01 4.538583103567361832e-03
-2.050774917006492615e-02 -4.082030057907104492e-01 -6.730125099420547485e-02
-1.474612504243850708e-01 -3.212890028953552246e-01 -3.227749839425086975e-02
-9.765619784593582153e-02 -6.191407442092895508e-01 -1.223725527524948120e-01
0.000000000000000000e+00 -2.968750000000000000e-01 -4.929799959063529968e-02
1.875000000000000000e-01 -3.496089875698089600e-01 -8.570499718189239502e-03
-9.765619784593582153e-02 -5.312500000000000000e-01 -8.155155926942825317e-02
9.764999849721789360e-04 -2.294919937849044800e-01 -2.197650074958801270e-02
-6.250000000000000000e-02 -2.519530057907104492e-01 3.726930171251296997e-02
4.017842933535575867e-02 -3.018974363803863525e-01 3.728142939507961273e-03
-1.562500000000000000e-02 -2.519530057907104492e-01 -4.802499897778034210e-03
-2.766950055956840515e-02 -4.443358480930328369e-01 -6.781716644763946533e-02
-6.900999695062637329e-02 -3.138020038604736328e-01 2.914099954068660736e-02
8.593799918889999390e-02 -7.695310115814208984e-01 -9.645599871873855591e-02
-6.640599668025970459e-02 -3.515622913837432861e-01 1.425459980964660645e-02
-1.601559966802597046e-01 -2.773439884185791016e-01 -2.560699917376041412e-02
5.078100040555000305e-02 -2.929689884185791016e-01 2.707399986684322357e-02
-1.171883288770914078e-02 -8.111979961395263672e-01 -2.615233361721038818e-01
1.113282516598701477e-01 -2.851561903953552246e-01 6.874684989452362061e-02
-7.952021062374114990e-02 -5.691962838172912598e-01 -9.746371209621429443e-02
9.765599668025970459e-02 -8.515620231628417969e-01 1.424700021743774414e-02
1.640623956918716431e-01 -3.554686009883880615e-01 3.770332038402557373e-02
1.284949928522109985e-01 -8.811676502227783203e-01 5.325736850500106812e-02
-7.976984232664108276e-02 -7.925574183464050293e-01 -1.370568424463272095e-01
-2.435676380991935730e-02 -2.858455181121826172e-01 2.183588221669197083e-03
5.425366759300231934e-02 -3.563366532325744629e-01 -1.523833349347114563e-02
4.427088797092437744e-02 -2.513020038604736328e-01 3.454633429646492004e-02
8.886750042438507080e-02 -5.673827528953552246e-01 -4.686075076460838318e-02
1.210940033197402954e-01 -5.195310115814208984e-01 -6.984999869018793106e-03
-1.375000029802322388e-01 -3.249999880790710449e-01 -1.322139985859394073e-02
-1.648436039686203003e-01 -2.054685950279235840e-01 3.964200150221586227e-03
1.933590024709701538e-01 -2.500000000000000000e-01 3.338000038638710976e-03
-4.882799834012985229e-02 -8.105469942092895508e-01 -1.738245040178298950e-01
2.287971414625644684e-02 -2.299105674028396606e-01 -2.996785752475261688e-02
-6.250000000000000000e-02 -3.378907442092895508e-01 1.945520006120204926e-02
1.510419994592666626e-01 -4.895833432674407959e-01 1.118899974972009659e-02
-7.973358780145645142e-02 -5.326285958290100098e-01 -8.068712055683135986e-02
-1.679690033197402954e-01 -2.500000000000000000e-01 -2.467099949717521667e-02
-5.468799918889999390e-02 -4.687500000000000000e-01 -6.027700006961822510e-02
-1.386719942092895508e-01 -4.257813990116119385e-01 -8.656120300292968750e-02
-9.765619784593582153e-02 -5.839844942092895508e-01 -1.051846519112586975e-01
1.865234971046447754e-01 -3.710939884185791016e-01 7.970999926328659058e-03
1.289062052965164185e-01 -2.167969942092895508e-01 7.592260092496871948e-02
9.307069331407546997e-02 -5.317595005035400391e-01 -3.220478445291519165e-02
3.906200081110000610e-02 -2.539060115814208984e-01 2.524366602301597595e-02
-1.731770038604736328e-01 -2.044270038604736328e-01 -1.446199975907802582e-02
4.073642939329147339e-02 -2.684152722358703613e-01 2.075328491628170013e-02
-1.103515028953552246e-01 -2.802734971046447754e-01 2.962874993681907654e-02
-8.138033002614974976e-02 -5.598959922790527344e-01 -9.308300167322158813e-02
1.953119933605194092e-01 -2.500000000000000000e-01 -8.351000025868415833e-03
-1.171877160668373108e-01 -4.271765053272247314e-01 -4.688178747892379761e-02
-9.765619784593582153e-02 -2.675782442092895508e-01 3.675625100731849670e-02
6.217449903488159180e-02 -3.369141519069671631e-01 1.916691660881042480e-02
5.208000075072050095e-03 -2.656250000000000000e-01 -4.812233150005340576e-02
7.617174834012985229e-02 -2.675782442092895508e-01 5.353768914937973022e-02
4.036433249711990356e-02 -3.216143250465393066e-01 -8.883666247129440308e-03
1.321613341569900513e-01 -4.388020038604736328e-01 2.962116710841655731e-02
6.510400027036666870e-02 -2.662761807441711426e-01 4.712599888443946838e-02
-6.510000210255384445e-03 -3.014323413372039795e-01 -3.331683203577995300e-02
1.210940033197402954e-01 -5.898439884185791016e-01 -2.542000077664852142e-02
4.609379917383193970e-02 -3.015626072883605957e-01 1.543200016021728516e-02
1.506700068712234497e-01 -2.684152722358703613e-01 6.176799908280372620e-02
1.357422471046447754e-01 -5.458984971046447754e-01 -5.720749963074922562e-03
-1.445309966802597046e-01 -3.281250000000000000e-01 -4.459699988365173340e-02
1.640623956918716431e-01 -2.675782442092895508e-01 5.479785054922103882e-02
1.816409975290298462e-01 -2.675782442092895508e-01 3.965337574481964111e-02
-1.660155057907104492e-01 -8.229166865348815918e-01 -1.204461678862571716e-01
1.575520038604736328e-01 -6.145833134651184082e-01 -2.373066730797290802e-02
-1.145834475755691528e-01 -7.921006679534912109e-01 -1.376436650753021240e-01
4.687500000000000000e-02 -3.320310115814208984e-01 -3.453999990597367287e-03
-1.601559966802597046e-01 -2.734380066394805908e-01 -2.661200053989887238e-02
-5.598999932408332825e-02 -3.040366768836975098e-01 2.680999971926212311e-02
-2.878299914300441742e-02 -3.902137875556945801e-01 -3.135189414024353027e-02
1.966143399477005005e-01 -4.420571625232696533e-01 -1.061933301389217377e-02
-6.282550096511840820e-02 -2.848306596279144287e-01 3.209491819143295288e-02
5.685777962207794189e-02 -3.209634423255920410e-01 2.133911103010177612e-02
-2.578140050172805786e-02 -8.281250000000000000e-01 -2.441720068454742432e-01
-1.152345016598701477e-01 -6.367186307907104492e-01 -1.362933367490768433e-01
2.734399959444999695e-02 -2.070309966802597046e-01 2.561900019645690918e-02
9.705507755279541016e-02 -2.671275436878204346e-01 6.653538346290588379e-02
2.048610001802444458e-01 -5.655381083488464355e-01 -6.897410750389099121e-02
1.313476264476776123e-01 -8.222653865814208984e-01 -2.790199965238571167e-02
-1.953100040555000305e-02 -3.027344942092895508e-01 -8.240500465035438538e-03
-8.061090856790542603e-02 -4.058949053287506104e-01 -2.165772765874862671e-02
7.031200081110000610e-02 -4.140619933605194092e-01 -6.004900112748146057e-02
8.724000304937362671e-02 -4.798176586627960205e-01 -2.909616753458976746e-02
-5.078100040555000305e-02 -2.773439884185791016e-01 2.831299975514411926e-02
-7.942721992731094360e-02 -4.466144442558288574e-01 -4.374133422970771790e-02
-1.210940033197402954e-01 -4.492189884185791016e-01 -6.024099886417388916e-02
-5.370750091969966888e-03 -2.866210043430328369e-01 -3.091462515294551849e-02
1.794086396694183350e-01 -6.010043621063232422e-01 -3.426507115364074707e-02
1.796876639127731323e-01 -4.082030057907104492e-01 1.915341615676879883e-02
-1.545760035514831543e-01 -2.868302762508392334e-01 -1.536228600889444351e-02
-4.492174834012985229e-02 -2.050780057907104492e-01 3.882800042629241943e-02
-7.589299976825714111e-02 -8.286830186843872070e-01 -1.340192854404449463e-01
-1.295571625232696533e-01 -8.151040077209472656e-01 -1.073053330183029175e-01
-2.148449979722499847e-02 -2.519530057907104492e-01 3.972500097006559372e-03
-4.687492176890373230e-02 -4.939904510974884033e-01 -7.348092645406723022e-02
4.329425096511840820e-02 -2.848306596279144287e-01 1.884858310222625732e-02
1.281737536191940308e-01 -8.305665254592895508e-01 -1.647362485527992249e-02
1.487167179584503174e-01 -2.857142090797424316e-01 6.103564426302909851e-02
1.914059966802597046e-01 -2.167969942092895508e-01 3.336074948310852051e-02
-2.794492244720458984e-02 -3.031852245330810547e-01 2.910000039264559746e-03
1.347655057907104492e-01 -8.398439884185791016e-01 -9.769000113010406494e-03
-6.342999637126922607e-02 -4.244792759418487549e-01 -3.711514174938201904e-02
1.623533815145492554e-01 -4.777830541133880615e-01 1.317874994128942490e-02
4.687500000000000000e-02 -2.773439884185791016e-01 2.837499976158142090e-02
-4.492174834012985229e-02 -3.730469942092895508e-01 -1.571531221270561218e-02
-6.445299834012985229e-02 -7.753907442092895508e-01 -1.567346304655075073e-01
1.835940033197402954e-01 -2.519530057907104492e-01 3.843430057168006897e-02
3.905999939888715744e-03 -2.734380066394805908e-01 -6.311500072479248047e-02
1.643879115581512451e-01 -5.667316913604736328e-01 -1.169158332049846649e-02
7.739250361919403076e-02 -2.839354872703552246e-01 5.025943741202354431e-02
1.000972464680671692e-01 -2.836913764476776123e-01 6.505724787712097168e-02
2.011719942092895508e-01 -5.136717557907104492e-01 -3.391737490892410278e-02
1.328123509883880615e-01 -6.001672744750976562e-01 -2.191307209432125092e-02
-3.515600040555000305e-02 -3.007813394069671631e-01 1.188666652888059616e-02
1.412760019302368164e-01 -2.838541567325592041e-01 6.408366560935974121e-02
1.640623956918716431e-01 -2.851561903953552246e-01 5.345916002988815308e-02
-2.669299952685832977e-02 -7.942706942558288574e-01 -2.267738282680511475e-01
-2.148449979722499847e-02 -7.968750000000000000e-01 -2.413047552108764648e-01
1.868489980697631836e-01 -2.864583432674407959e-01 1.779899932444095612e-02
-1.953100040555000305e-02 -7.929689884185791016e-01 -2.568970024585723877e-01
6.510400027036666870e-02 -3.170571625232696533e-01 3.142833337187767029e-02
1.015620008111000061e-01 -4.042969942092895508e-01 3.115000016987323761e-02
8.816999942064285278e-02 -6.361605525016784668e-01 -8.347285538911819458e-02
-1.601559966802597046e-01 -2.812500000000000000e-01 -1.971600018441677094e-02
-1.474610865116119385e-01 -2.841796576976776123e-01 4.152916837483644485e-03
1.765623986721038818e-01 -2.507812082767486572e-01 4.805799946188926697e-02
6.217449903488159180e-02 -2.509765028953552246e-01 4.946366697549819946e-02
1.767577528953552246e-01 -5.263674855232238770e-01 -5.126500036567449570e-03
7.128874957561492920e-02 -2.900390028953552246e-01 4.452075064182281494e-02
1.464844942092895508e-01 -6.015623807907104492e-01 -1.913869939744472504e-02
-1.406250000000000000e-01 -2.929689884185791016e-01 1.003099977970123291e-02
8.007799834012985229e-02 -5.488282442092895508e-01 -5.213275179266929626e-02
1.308593600988388062e-01 -3.236607015132904053e-01 6.205578520894050598e-02
1.925220042467117310e-01 -5.647321343421936035e-01 -3.715714439749717712e-02
1.757809966802597046e-01 -3.378907442092895508e-01 3.255949914455413818e-02
-1.054690033197402954e-01 -2.929689884185791016e-01 2.798200026154518127e-02
1.152345016598701477e-01 -7.226561903953552246e-01 -5.700059980154037476e-02
7.031200081110000610e-02 -3.632810115814208984e-01 8.497999981045722961e-03
-2.083333395421504974e-02 -3.743489980697631836e-01 -3.001050092279911041e-02
1.579860001802444458e-01 -7.938366532325744629e-01 -8.550821989774703979e-02
7.500000298023223877e-02 -4.265627861022949219e-01 -5.055160075426101685e-02
-8.007825165987014771e-02 -4.257813990116119385e-01 -3.373695164918899536e-02
9.765500202775001526e-03 -2.070309966802597046e-01 -8.476500399410724640e-03
3.515600040555000305e-02 -2.695313394069671631e-01 4.296666476875543594e-03
1.302000018768012524e-03 -2.884113192558288574e-01 -4.721616581082344055e-02
1.789063960313796997e-01 -5.128905177116394043e-01 -2.713199937716126442e-03
-8.593799918889999390e-02 -8.007810115814208984e-01 -1.280429959297180176e-01
1.796876639127731323e-01 -3.906250000000000000e-01 2.077286690473556519e-02
-3.369124978780746460e-02 -2.836913764476776123e-01 1.369112543761730194e-02
-1.531251966953277588e-01 -3.007811903953552246e-01 -1.384260039776563644e-02
1.640623956918716431e-01 -5.136717557907104492e-01 4.250850062817335129e-03
9.863249957561492920e-02 -7.587890028953552246e-01 -6.845241785049438477e-02
-1.292315870523452759e-01 -3.017579019069671631e-01 1.391491666436195374e-02
2.011719942092895508e-01 -5.488281846046447754e-01 -5.022166669368743896e-02
1.152345016598701477e-01 -7.402344942092895508e-01 -5.603050068020820618e-02
-1.369977146387100220e-01 -2.349330782890319824e-01 2.353478595614433289e-02
-1.386719942092895508e-01 -5.488282442092895508e-01 -1.186494976282119751e-01
9.537749737501144409e-02 -8.317058086395263672e-01 -1.688249967992305756e-02
8.203099668025970459e-02 -7.695310115814208984e-01 -9.754300117492675781e-02
-1.367187201976776123e-01 -3.722099959850311279e-01 -5.016714334487915039e-02
-4.101549834012985229e-02 -8.105469942092895508e-01 -1.901309937238693237e-01
3.125000000000000000e-02 -2.304686605930328369e-01 2.303066663444042206e-02
1.456802338361740112e-01 -4.972427189350128174e-01 8.483529090881347656e-03
-1.646202802658081055e-01 -2.522319853305816650e-01 -1.256228610873222351e-02
-1.679686009883880615e-01 -8.554689884185791016e-01 -7.451380044221878052e-02
-6.282550096511840820e-02 -4.606120884418487549e-01 -5.358050018548965454e-02
-1.302080005407333374e-01 -3.717449903488159180e-01 -3.459316492080688477e-02
1.015620008111000061e-01 -6.328123211860656738e-01 -5.715766549110412598e-02
4.609379917383193970e-02 -2.664063870906829834e-01 3.132339939475059509e-02
6.138399988412857056e-02 -3.021764159202575684e-01 3.380721434950828552e-02
-6.291116029024124146e-02 -5.836760997772216797e-01 -1.073554232716560364e-01
-5.468799918889999390e-02 -3.984380066394805908e-01 -2.433099970221519470e-02
1.640619933605194092e-01 -7.343750000000000000e-01 -9.802900254726409912e-02
1.275111436843872070e-01 -4.453123509883880615e-01 2.410878613591194153e-02
1.289062052965164185e-01 -7.929685711860656738e-01 -4.824952036142349243e-02
1.064454987645149231e-01 -4.462890028953552246e-01 6.998749915510416031e-03
8.593799918889999390e-02 -4.472655057907104492e-01 -2.568849921226501465e-02
9.598200023174285889e-02 -6.735491156578063965e-01 -8.364428579807281494e-02
-6.054700165987014771e-02 -8.339844942092895508e-01 -1.893277466297149658e-01
-1.562500000000000000e-02 -3.320310115814208984e-01 -2.331300079822540283e-02
-1.445309966802597046e-01 -4.492189884185791016e-01 -1.036560013890266418e-01
2.011719942092895508e-01 -4.492189884185791016e-01 -3.387949988245964050e-02
1.679686605930328369e-01 -2.050780057907104492e-01 6.009766831994056702e-02
-1.445309966802597046e-01 -4.570313394069671631e-01 -1.027216687798500061e-01
-1.562500000000000000e-01 -2.695313394069671631e-01 -9.111333638429641724e-03
1.679687500000000000e-01 -7.050782442092895508e-01 -6.617475301027297974e-02
-1.562500000000000000e-02 -2.636719942092895508e-01 -6.052500102669000626e-03
-2.994799986481666565e-02 -4.954427778720855713e-01 -8.610039204359054565e-02
-1.269530057907104492e-01 -4.609375894069671631e-01 -7.122439891099929810e-02
-1.041666641831398010e-01 -6.907550096511840820e-01 -1.697178333997726440e-01
1.425780057907104492e-01 -4.375000000000000000e-01 2.959099970757961273e-02
-1.197919994592666626e-01 -6.236979961395263672e-01 -1.306086629629135132e-01
1.367190033197402954e-01 -8.750000000000000000e-01 4.432899877429008484e-02
-4.817700013518333435e-02 -4.557291567325592041e-01 -5.769700184464454651e-02
1.289062052965164185e-01 -3.554686009883880615e-01 5.385328084230422974e-02
1.914059966802597046e-01 -5.996092557907104492e-01 -5.346849933266639709e-02
-1.462054252624511719e-01 -3.018974363803863525e-01 1.218571444042026997e-03
-4.352664202451705933e-02 -4.631697833538055420e-01 -6.363428384065628052e-02
1.958004981279373169e-01 -6.025390028953552246e-01 -6.724449992179870605e-02
-2.734399959444999695e-02 -6.250000000000000000e-01 -2.016980051994323730e-01
1.718750000000000000e-01 -6.914060115814208984e-01 -6.284033507108688354e-02
8.593799918889999390e-02 -4.609375894069671631e-01 -3.003359958529472351e-02
9.466905891895294189e-02 -4.616269469261169434e-01 -1.527841202914714813e-02
9.960900247097015381e-02 -6.542969942092895508e-01 -6.858512759208679199e-02
1.562500000000000000e-01 -7.402344942092895508e-01 -7.159049808979034424e-02
1.110198423266410828e-01 -4.613488018512725830e-01 2.056526252999901772e-03
4.687500000000000000e-02 -2.167969942092895508e-01 4.728424921631813049e-02
1.304686516523361206e-01 -4.597657024860382080e-01 1.598945073783397675e-02
1.640623956918716431e-01 -4.609375894069671631e-01 1.674059964716434479e-02
7.979899644851684570e-02 -4.637278616428375244e-01 -5.065185576677322388e-02
-1.562500000000000000e-02 -4.687500000000000000e-01 -1.087820008397102356e-01
1.152345016598701477e-01 -7.050782442092895508e-01 -5.658337473869323730e-02
-1.322113871574401855e-01 -4.789662361145019531e-01 -8.387622982263565063e-02
-3.417950123548507690e-02 -4.755857586860656738e-01 -7.489024847745895386e-02
-9.486600011587142944e-02 -6.888949871063232422e-01 -1.577199250459671021e-01
1.289062052965164185e-01 -3.378907442092895508e-01 5.813520029187202454e-02
-1.250000000000000000e-01 -4.765623211860656738e-01 -7.490633428096771240e-02
-1.152345016598701477e-01 -4.785155057907104492e-01 -6.859374791383743286e-02
-8.007825165987014771e-02 -4.765623211860656738e-01 -5.704541504383087158e-02
-1.155428960919380188e-01 -6.019735932350158691e-01 -1.176332607865333557e-01
-1.523440033197402954e-01 -2.519530057907104492e-01 3.847916610538959503e-03
1.601559966802597046e-01 -7.636719942092895508e-01 -1.140884980559349060e-01
-9.440100193023681641e-02 -4.739579856395721436e-01 -5.757916718721389771e-02
-1.093750000000000000e-01 -5.937500000000000000e-01 -1.116330027580261230e-01
1.562500000000000000e-01 -7.500000000000000000e-01 -7.629600167274475098e-02
-4.296863451600074768e-02 -3.391336500644683838e-01 5.955090746283531189e-03
-6.718719750642776489e-02 -4.742183983325958252e-01 -5.771819874644279480e-02
-8.007825165987014771e-02 -7.050782442092895508e-01 -1.606451272964477539e-01
-6.093759834766387939e-02 -4.799478650093078613e-01 -6.212346628308296204e-02
-2.650685794651508331e-02 -4.787944853305816650e-01 -8.382628858089447021e-02
-1.562500000000000000e-02 -4.785155057907104492e-01 -1.060932502150535583e-01
-1.171899959444999695e-02 -4.746089875698089600e-01 -1.143319979310035706e-01
7.979899644851684570e-02 -4.776784181594848633e-01 -4.690271243453025818e-02
1.277572959661483765e-01 -4.793197512626647949e-01 6.123764906078577042e-03
1.468751281499862671e-01 -4.781248569488525391e-01 1.307753287255764008e-02
-8.007825165987014771e-02 -3.027344942092895508e-01 3.162806108593940735e-02
7.617200165987014771e-02 -5.136717557907104492e-01 -5.123562365770339966e-02
1.796876937150955200e-01 -2.851561605930328369e-01 3.899500146508216858e-02
1.816407442092895508e-01 -4.785155057907104492e-01 3.175375051796436310e-03
1.914059966802597046e-01 -4.726560115814208984e-01 -6.153000053018331528e-03
-1.445309966802597046e-01 -5.585939884185791016e-01 -1.341270059347152710e-01
1.123622357845306396e-01 -6.008730530738830566e-01 -3.564417734742164612e-02
1.956674605607986450e-01 -4.790481925010681152e-01 -1.480463612824678421e-02
2.062498033046722412e-01 -4.773435890674591064e-01 -4.383460059762001038e-02
1.293173730373382568e-01 -5.133633613586425781e-01 -1.074789441190660000e-03
8.203099668025970459e-02 -4.550780057907104492e-01 -4.063799977302551270e-02
2.031250000000000000e-01 -4.804686605930328369e-01 -3.765900060534477234e-02
1.992190033197402954e-01 -6.015623211860656738e-01 -8.188466727733612061e-02
-1.156251356005668640e-01 -3.382813930511474609e-01 3.646533237770199776e-03
-8.007825165987014771e-02 -4.843750000000000000e-01 -6.037075072526931763e-02
8.203099668025970459e-02 -4.843750000000000000e-01 -4.088399931788444519e-02
1.914059966802597046e-01 -2.792969942092895508e-01 -1.139499945566058159e-03
1.697048842906951904e-01 -6.037325263023376465e-01 -2.650966681540012360e-02
-1.391602456569671631e-01 -4.975586235523223877e-01 -1.014217510819435120e-01
1.510419994592666626e-01 -7.415366768836975098e-01 -6.319800019264221191e-02
1.015620008111000061e-01 -7.773439884185791016e-01 -5.728933215141296387e-02
-1.298251748085021973e-01 -4.954044818878173828e-01 -8.628323674201965332e-02
1.875000000000000000e-01 -3.906250000000000000e-01 5.990399979054927826e-03
-9.765619784593582153e-02 -4.960938096046447754e-01 -6.770923733711242676e-02
-4.921859875321388245e-02 -3.351564109325408936e-01 1.298759970813989639e-02
-8.007825165987014771e-02 -4.960938096046447754e-01 -6.518679857254028320e-02
1.875000000000000000e-01 -3.027344942092895508e-01 8.934499695897102356e-03
7.979899644851684570e-02 -5.820313096046447754e-01 -6.737357378005981445e-02
-8.007825165987014771e-02 -6.894530057907104492e-01 -1.558878123760223389e-01
-6.250000000000000000e-02 -4.960938096046447754e-01 -6.790679693222045898e-02
-1.562500000000000000e-02 -4.960938096046447754e-01 -1.101822033524513245e-01
7.812500000000000000e-02 -4.960938096046447754e-01 -5.029480159282684326e-02
0.000000000000000000e+00 -3.222655057907104492e-01 -5.222349986433982849e-02
1.921872049570083618e-01 -2.343750000000000000e-01 2.032620087265968323e-02
1.617186069488525391e-01 -6.539064049720764160e-01 -3.704179823398590088e-02
-1.152345016598701477e-01 -2.519530057907104492e-01 3.522268682718276978e-02
8.203099668025970459e-02 -4.960938096046447754e-01 -3.949119895696640015e-02
1.087740734219551086e-01 -4.969952404499053955e-01 -1.082738488912582397e-02
1.705729961395263672e-01 -8.567709922790527344e-01 -4.564899951219558716e-02
8.984400331974029541e-02 -6.523439884185791016e-01 -1.044860035181045532e-01
1.160717159509658813e-01 -4.944197237491607666e-01 -4.770571365952491760e-03
1.367190033197402954e-01 -6.132810115814208984e-01 -2.342700026929378510e-02
-1.106769964098930359e-01 -7.799479961395263672e-01 -1.562770009040832520e-01
1.289062052965164185e-01 -4.960938096046447754e-01 2.451040083542466164e-03
1.649924814701080322e-01 -4.973959028720855713e-01 8.030095137655735016e-03
1.813323646783828735e-01 -4.956826269626617432e-01 -1.698947307886555791e-04
1.947113126516342163e-01 -4.951923787593841553e-01 -1.589438505470752716e-02
1.796880066394805908e-01 -6.914060115814208984e-01 -8.234866708517074585e-02
2.035156041383743286e-01 -4.960938096046447754e-01 -3.432330116629600525e-02
2.031250000000000000e-01 -5.781250000000000000e-01 -8.114299923181533813e-02
1.015620008111000061e-01 -4.570313394069671631e-01 -4.998333286494016647e-03
1.765623986721038818e-01 -6.882811784744262695e-01 -7.116899639368057251e-02
-8.300791680812835693e-02 -8.271484375000000000e-01 -1.231653317809104919e-01
-1.323783397674560547e-01 -8.098959922790527344e-01 -1.203514412045478821e-01
-3.125000000000000000e-02 -2.519530057907104492e-01 1.599883288145065308e-02
-4.129442945122718811e-02 -5.000000000000000000e-01 -7.883528620004653931e-02
2.070309966802597046e-01 -5.000000000000000000e-01 -4.364100098609924316e-02
1.875000000000000000e-01 -5.039060115814208984e-01 -7.703000213950872421e-03
9.179700165987014771e-02 -5.839844942092895508e-01 -4.981835559010505676e-02
9.825692325830459595e-02 -4.951923787593841553e-01 -1.926315389573574066e-02
-1.116071417927742004e-01 -4.570312798023223877e-01 -5.681456997990608215e-02
-1.370738148689270020e-01 -5.142044425010681152e-01 -1.028552725911140442e-01
-9.905128926038742065e-02 -4.804687201976776123e-01 -6.188771501183509827e-02
-1.276039928197860718e-01 -5.130206942558288574e-01 -8.959377557039260864e-02
1.757809966802597046e-01 -2.773439884185791016e-01 4.599199816584587097e-02
-8.007825165987014771e-02 -5.136717557907104492e-01 -7.255768775939941406e-02
8.203099668025970459e-02 -8.105469942092895508e-01 -7.077974826097488403e-02
1.953119933605194092e-01 -6.171876788139343262e-01 -7.998400181531906128e-02
-5.078100040555000305e-02 -5.078120231628417969e-01 -7.678399980068206787e-02
1.777344942092895508e-01 -4.433592557907104492e-01 1.395362522453069687e-02
-4.453113302588462830e-02 -5.140624046325683594e-01 -8.268287032842636108e-02
-3.203120082616806030e-02 -5.128905177116394043e-01 -9.051410108804702759e-02
-2.265639975666999817e-02 -5.144529938697814941e-01 -1.011039018630981445e-01
-1.484380010515451431e-02 -5.148435831069946289e-01 -1.171877980232238770e-01
-6.093759834766387939e-02 -4.096351861953735352e-01 -2.832113392651081085e-02
-1.116071417927742004e-01 -6.685267090797424316e-01 -1.582179963588714600e-01
-1.195316016674041748e-01 -3.249999880790710449e-01 8.291999809443950653e-03
1.796876937150955200e-01 -6.367186307907104492e-01 -4.909684509038925171e-02
-9.486428461968898773e-03 -5.128347277641296387e-01 -1.339484304189682007e-01
8.203099668025970459e-02 -5.136717557907104492e-01 -4.004250094294548035e-02
-2.343750000000000000e-02 -8.320312500000000000e-01 -2.566812634468078613e-01
-1.093750000000000000e-01 -6.289060115814208984e-01 -1.285029947757720947e-01
-1.148438677191734314e-01 -4.429686069488525391e-01 -5.197033286094665527e-02
1.002599969506263733e-01 -5.123696923255920410e-01 -2.136366628110408783e-02
1.113282516598701477e-01 -5.136717557907104492e-01 -1.275837514549493790e-02
1.239347308874130249e-01 -6.033380031585693359e-01 -2.748263627290725708e-02
1.464844942092895508e-01 -5.136717557907104492e-01 5.038499832153320312e-03
1.464844942092895508e-01 -5.839844942092895508e-01 -1.429762504994869232e-02
1.933590024709701538e-01 -5.136717557907104492e-01 -1.837337575852870941e-02
2.070309966802597046e-01 -5.136719942092895508e-01 -6.316400319337844849e-02
2.109380066394805908e-01 -5.156250000000000000e-01 -6.512033194303512573e-02
-8.593799918889999390e-02 -8.417969942092895508e-01 -1.258154958486557007e-01
-1.041666641831398010e-01 -5.182290077209472656e-01 -7.774066925048828125e-02
-2.050774917006492615e-02 -5.839844942092895508e-01 -1.522064954042434692e-01
2.070309966802597046e-01 -5.195310115814208984e-01 -5.789399892091751099e-02
-1.406250000000000000e-01 -5.312500000000000000e-01 -1.159693971276283264e-01
-1.318932324647903442e-01 -5.319392681121826172e-01 -1.017787680029869080e-01
7.763674855232238770e-02 -5.688475966453552246e-01 -6.553749740123748779e-02
-9.818886220455169678e-02 -5.674715042114257812e-01 -9.799277037382125854e-02
8.203099668025970459e-02 -7.890623211860656738e-01 -8.207966387271881104e-02
4.204953089356422424e-02 -2.336856424808502197e-01 3.766964748501777649e-02
-1.250000000000000000e-01 -5.273439884185791016e-01 -9.255900233983993530e-02
7.421900331974029541e-02 -5.664060115814208984e-01 -8.438199758529663086e-02
-9.375000000000000000e-02 -5.585939884185791016e-01 -9.300500154495239258e-02
-8.203133195638656616e-02 -5.234379768371582031e-01 -7.656700164079666138e-02
-6.250000000000000000e-02 -5.312500000000000000e-01 -8.294343948364257812e-02
1.562500000000000000e-01 -7.636719942092895508e-01 -1.079839989542961121e-01
1.367190033197402954e-01 -3.964844942092895508e-01 4.519199952483177185e-02
-3.515600040555000305e-02 -5.253909826278686523e-01 -9.316600114107131958e-02
-1.497399993240833282e-02 -5.299479961395263672e-01 -1.219068318605422974e-01
-1.004457101225852966e-02 -5.306919813156127930e-01 -1.360112875699996948e-01
-7.929699867963790894e-02 -3.156248033046722412e-01 2.911400049924850464e-02
7.929679751396179199e-02 -5.312500000000000000e-01 -4.786200076341629028e-02
-1.562500000000000000e-02 -4.042969942092895508e-01 -7.180950045585632324e-02
-8.085949718952178955e-02 -3.249999880790710449e-01 2.676510065793991089e-02
8.203099668025970459e-02 -5.234379768371582031e-01 -4.148999974131584167e-02
-1.024304479360580444e-01 -3.042536675930023193e-01 2.631255611777305603e-02
1.015620008111000061e-01 -5.253909826278686523e-01 -2.312199957668781281e-02
-9.765619784593582153e-02 -4.609375894069671631e-01 -5.240835994482040405e-02
-1.278407275676727295e-01 -5.997868180274963379e-01 -1.243249997496604919e-01
1.232639998197555542e-01 -5.334200263023376465e-01 -8.885444141924381256e-03
1.320799440145492554e-01 -5.300293564796447754e-01 -3.369000041857361794e-03
1.464844942092895508e-01 -5.312500000000000000e-01 8.288500248454511166e-04
1.828615069389343262e-01 -5.324706435203552246e-01 -1.235306262969970703e-02
8.007799834012985229e-02 -8.925780057907104492e-01 4.168574884533882141e-02
-3.515600040555000305e-02 -7.753907442092895508e-01 -2.059289962053298950e-01
1.967328190803527832e-01 -5.319601893424987793e-01 -3.080027364194393158e-02
2.109380066394805908e-01 -5.253909826278686523e-01 -5.706600099802017212e-02
-5.729199945926666260e-02 -5.169270038604736328e-01 -7.820750027894973755e-02
-1.445309966802597046e-01 -5.351560115814208984e-01 -1.260976642370223999e-01
-1.953100040555000305e-02 -5.351560115814208984e-01 -1.141423359513282776e-01
1.113282516598701477e-01 -2.343750000000000000e-01 7.433509826660156250e-02
-1.210940033197402954e-01 -5.390620231628417969e-01 -9.454499930143356323e-02
-1.445309966802597046e-01 -5.429689884185791016e-01 -1.292770057916641235e-01
1.113282516598701477e-01 -7.929685711860656738e-01 -4.714139923453330994e-02
-1.171877011656761169e-01 -5.507814288139343262e-01 -9.741610288619995117e-02
-9.765619784593582153e-02 -5.488282442092895508e-01 -8.931580185890197754e-02
1.835940033197402954e-01 -6.738280057907104492e-01 -8.183000236749649048e-02
-4.947900027036666870e-02 -5.442709922790527344e-01 -9.316933155059814453e-02
-4.387007653713226318e-02 -5.498799085617065430e-01 -9.861846268177032471e-02
-3.160509094595909119e-02 -5.482955574989318848e-01 -1.064170897006988525e-01
-1.210940033197402954e-01 -8.554689884185791016e-01 -9.575500339269638062e-02
-2.213555574417114258e-02 -5.494793057441711426e-01 -1.179993301630020142e-01
-1.562500000000000000e-02 -5.449219942092895508e-01 -1.277499943971633911e-01
-1.236983295530080795e-02 -5.494791865348815918e-01 -1.400398313999176025e-01
-1.445309966802597046e-01 -3.359376788139343262e-01 -4.597966745495796204e-02
-4.101549834012985229e-02 -7.402344942092895508e-01 -1.915886253118515015e-01
-5.598999932408332825e-02 -2.057289928197860718e-01 4.413366690278053284e-02
-9.619137644767761230e-02 -5.952147245407104492e-01 -1.101928725838661194e-01
-9.114333428442478180e-03 -5.481773614883422852e-01 -1.504953354597091675e-01
9.570299834012985229e-02 -5.488282442092895508e-01 -3.414756432175636292e-02
2.070309966802597046e-01 -5.039060115814208984e-01 -5.943400040268898010e-02
-6.372062861919403076e-02 -6.179200410842895508e-01 -1.255200058221817017e-01
1.464844942092895508e-01 -6.542969942092895508e-01 -3.248168900609016418e-02
1.914059966802597046e-01 -4.609375894069671631e-01 -4.433200228959321976e-03
1.582030057907104492e-01 -7.753907442092895508e-01 -1.016223728656768799e-01
1.126803830265998840e-01 -5.483775138854980469e-01 -1.996592245995998383e-02
1.610575318336486816e-01 -5.477765202522277832e-01 -4.429230932146310806e-03
-8.091528713703155518e-02 -4.391739964485168457e-01 -4.029257223010063171e-02
1.696428507566452026e-01 -5.507814288139343262e-01 -8.618571795523166656e-03
1.812501400709152222e-01 -5.484375953674316406e-01 -1.639673300087451935e-02
1.940101087093353271e-01 -5.481772422790527344e-01 -3.279855474829673767e-02
1.289062052965164185e-01 -6.367185711860656738e-01 -3.251772001385688782e-02
8.203099668025970459e-02 -5.644530057907104492e-01 -5.475075170397758484e-02
-9.440100193023681641e-02 -4.388020038604736328e-01 -4.050549864768981934e-02
-1.445309966802597046e-01 -5.507813096046447754e-01 -1.316306740045547485e-01
-5.859000142663717270e-03 -8.046879768371582031e-01 -2.726919949054718018e-01
1.054690033197402954e-01 -5.507813096046447754e-01 -2.618333324790000916e-02
1.875000000000000000e-01 -5.546879768371582031e-01 -2.520900033414363861e-02
7.899300009012222290e-02 -8.823783397674560547e-01 3.368044272065162659e-02
-3.125000000000000000e-02 -7.636719942092895508e-01 -2.234310060739517212e-01
-1.264647543430328369e-01 -5.649413466453552246e-01 -1.086931228637695312e-01
-1.152345016598701477e-01 -5.664061903953552246e-01 -1.029066964983940125e-01
-3.515600040555000305e-02 -5.605469942092895508e-01 -1.093930006027221680e-01
-2.872253023087978363e-02 -5.659466385841369629e-01 -1.193895265460014343e-01
1.083984971046447754e-01 -5.673827528953552246e-01 -2.837016619741916656e-02
1.289062052965164185e-01 -5.664061903953552246e-01 -1.456492021679878235e-02
1.460504382848739624e-01 -5.672742128372192383e-01 -9.358777664601802826e-03
1.612721383571624756e-01 -8.660715818405151367e-01 7.508571143262088299e-04
-9.440100193023681641e-02 -7.799479961395263672e-01 -1.443223357200622559e-01
1.503909975290298462e-01 -5.585939884185791016e-01 -6.298999767750501633e-03
8.740275353193283081e-02 -6.030272245407104492e-01 -6.508350372314453125e-02
-1.562500000000000000e-02 -4.453125000000000000e-01 -9.923350065946578979e-02
1.787110865116119385e-01 -5.654296875000000000e-01 -1.991675049066543579e-02
1.264203637838363647e-01 -3.160509169101715088e-01 6.414554268121719360e-02
1.977538764476776123e-01 -5.678709745407104492e-01 -5.042212456464767456e-02
-1.162862330675125122e-01 -8.446514010429382324e-01 -8.938869088888168335e-02
-9.375000000000000000e-02 -3.014915585517883301e-01 2.981736324727535248e-02
-2.083333395421504974e-02 -5.696613192558288574e-01 -1.354929953813552856e-01
-9.594719111919403076e-02 -2.160646319389343262e-01 4.715287685394287109e-02
-1.406250000000000000e-01 -5.722655057907104492e-01 -1.305119991302490234e-01
-3.906200081110000610e-02 -5.742189884185791016e-01 -1.136379987001419067e-01
-1.398438066244125366e-01 -5.851563811302185059e-01 -1.347530037164688110e-01
-1.304686069488525391e-01 -5.835938453674316406e-01 -1.195413321256637573e-01
-4.947900027036666870e-02 -5.794270038604736328e-01 -1.101839989423751831e-01
-4.387007653713226318e-02 -5.850362181663513184e-01 -1.165395379066467285e-01
-1.966143399477005005e-01 -8.567709922790527344e-01 -8.966600149869918823e-02
-2.622799947857856750e-02 -5.848215818405151367e-01 -1.374165713787078857e-01
1.113282516598701477e-01 -5.839844942092895508e-01 -3.098718822002410889e-02
1.640623956918716431e-01 -5.839844942092895508e-01 -1.722889952361583710e-02
1.113282516598701477e-01 -8.203120231628417969e-01 -2.483100071549415588e-02
1.824778616428375244e-01 -5.845425724983215332e-01 -3.130257129669189453e-02
1.914059966802597046e-01 -5.781250000000000000e-01 -4.118100181221961975e-02
1.936379969120025635e-01 -5.848215818405151367e-01 -4.948885738849639893e-02
1.875000000000000000e-01 -6.562500000000000000e-01 -8.235266804695129395e-02
-1.197919994592666626e-01 -5.885419845581054688e-01 -1.132836639881134033e-01
7.812500000000000000e-02 -5.878909826278686523e-01 -8.488450199365615845e-02
1.406250000000000000e-01 -7.753907442092895508e-01 -5.782549828290939331e-02
-5.468799918889999390e-02 -5.898439884185791016e-01 -1.131860017776489258e-01
-5.078100040555000305e-02 -8.398439884185791016e-01 -2.175450026988983154e-01
9.843719750642776489e-02 -3.371095061302185059e-01 5.010769888758659363e-02
9.244800359010696411e-02 -6.555989980697631836e-01 -8.363316953182220459e-02
8.203099668025970459e-02 -8.359379768371582031e-01 -3.430600091814994812e-02
-6.282550096511840820e-02 -3.902994692325592041e-01 -1.838750019669532776e-02
1.618299931287765503e-01 -7.410715818405151367e-01 -8.657728880643844604e-02
8.593799918889999390e-02 -5.898439884185791016e-01 -6.039899960160255432e-02
1.113282516598701477e-01 -3.554686009883880615e-01 5.283540114760398865e-02
-6.473200023174285889e-02 -5.122766494750976562e-01 -7.409156858921051025e-02
-1.349825561046600342e-01 -6.019964218139648438e-01 -1.362058818340301514e-01
-8.091528713703155518e-02 -5.954239964485168457e-01 -1.101211458444595337e-01
8.007799834012985229e-02 -6.015625000000000000e-01 -8.028800040483474731e-02
-6.199052184820175171e-02 -6.022417545318603516e-01 -1.174372211098670959e-01
-4.614249989390373230e-02 -6.003416776657104492e-01 -1.236946880817413330e-01
-4.882799834012985229e-02 -2.519530057907104492e-01 3.114075027406215668e-02
-3.515600040555000305e-02 -2.109380066394805908e-01 2.960900031030178070e-02
1.584820002317428589e-01 -6.679685711860656738e-01 -3.982657194137573242e-02
-3.196018189191818237e-02 -6.012072563171386719e-01 -1.392622739076614380e-01
1.445313394069671631e-01 -6.835939884185791016e-01 -4.106466844677925110e-02
-2.387177757918834686e-02 -6.011283397674560547e-01 -1.583601087331771851e-01
-1.679686009883880615e-01 -8.613280057907104492e-01 -8.620110154151916504e-02
-8.072933554649353027e-02 -7.262368202209472656e-01 -1.651642471551895142e-01
8.105450123548507690e-02 -5.986325144767761230e-01 -7.343775033950805664e-02
-1.259765028953552246e-01 -3.349609971046447754e-01 -4.382499959319829941e-03
-1.396484971046447754e-01 -6.035155057907104492e-01 -1.488827466964721680e-01
-7.962753623723983765e-02 -6.048676967620849609e-01 -1.153953075408935547e-01
1.054690033197402954e-01 -6.054686903953552246e-01 -4.348000138998031616e-02
-1.250000000000000000e-01 -6.132810115814208984e-01 -1.287260055541992188e-01
1.470425724983215332e-01 -4.441962838172912598e-01 2.545521408319473267e-02
-1.141827702522277832e-01 -6.180890798568725586e-01 -1.249073818325996399e-01
-8.007825165987014771e-02 -6.191407442092895508e-01 -1.229191273450851440e-01
8.203099668025970459e-02 -6.152344942092895508e-01 -8.667399734258651733e-02
-5.078100040555000305e-02 -6.132810115814208984e-01 -1.281239986419677734e-01
-8.007799834012985229e-02 -8.417969942092895508e-01 -1.367174983024597168e-01
-9.650729596614837646e-02 -5.128675103187561035e-01 -7.385964691638946533e-02
-4.492174834012985229e-02 -4.785155057907104492e-01 -6.912274658679962158e-02
-4.453113302588462830e-02 -6.195313930511474609e-01 -1.368152648210525513e-01
-3.515600040555000305e-02 -6.152344942092895508e-01 -1.439709961414337158e-01
-3.069199994206428528e-02 -6.177455782890319824e-01 -1.540705710649490356e-01
9.126436710357666016e-02 -6.189631819725036621e-01 -6.701218336820602417e-02
9.988799691200256348e-02 -6.183037161827087402e-01 -5.410742759704589844e-02
1.152345016598701477e-01 -6.191407442092895508e-01 -3.831624984741210938e-02
1.652112901210784912e-01 -6.199449896812438965e-01 -2.913847006857395172e-02
1.921872049570083618e-01 -6.203125715255737305e-01 -6.871119886636734009e-02
-2.734399959444999695e-02 -6.171879768371582031e-01 -1.643909960985183716e-01
1.464844942092895508e-01 -6.367185711860656738e-01 -2.792564965784549713e-02
8.593799918889999390e-02 -6.230469942092895508e-01 -8.105350285768508911e-02
-6.315100193023681641e-02 -5.481771826744079590e-01 -9.025149792432785034e-02
-1.250000000000000000e-01 -6.445310115814208984e-01 -1.655119955539703369e-01
-1.562500000000000000e-02 -5.605469942092895508e-01 -1.413124948740005493e-01
-1.263020038604736328e-01 -7.994790077209472656e-01 -1.335310041904449463e-01
1.453126072883605957e-01 -6.242188215255737305e-01 -2.487280033528804779e-02
-3.125000000000000000e-02 -6.250000000000000000e-01 -1.924829930067062378e-01
-6.250000000000000000e-02 -6.367185711860656738e-01 -1.367844045162200928e-01
-4.833975061774253845e-02 -6.333006024360656738e-01 -1.425713747739791870e-01
-8.007825165987014771e-02 -3.378907442092895508e-01 2.296081185340881348e-02
-1.167536675930023193e-01 -6.562500000000000000e-01 -1.539126634597778320e-01
-3.515600040555000305e-02 -6.347655057907104492e-01 -1.593347489833831787e-01
-2.929699979722499847e-02 -6.367185711860656738e-01 -1.915283948183059692e-01
1.098633110523223877e-01 -6.372068524360656738e-01 -4.843268916010856628e-02
1.494143307209014893e-01 -7.919920086860656738e-01 -6.630733609199523926e-02
1.171879991888999939e-01 -6.347655057907104492e-01 -4.023550078272819519e-02
1.420897543430328369e-01 -7.944334745407104492e-01 -5.549537390470504761e-02
1.640623956918716431e-01 -6.367185711860656738e-01 -3.354015946388244629e-02
1.757809966802597046e-01 -6.289060115814208984e-01 -4.045800119638442993e-02
1.914059966802597046e-01 -6.367185115814208984e-01 -7.438950240612030029e-02
2.070309966802597046e-01 -2.031250000000000000e-01 -8.488000370562076569e-03
-1.197919994592666626e-01 -4.993489980697631836e-01 -7.850283384323120117e-02
1.289062052965164185e-01 -7.050782442092895508e-01 -4.896840080618858337e-02
-9.814450144767761230e-02 -6.401366591453552246e-01 -1.323056221008300781e-01
-7.968760281801223755e-02 -6.390624046325683594e-01 -1.329259276390075684e-01
-3.125000000000000000e-02 -8.253347277641296387e-01 -2.251848578453063965e-01
-1.210940033197402954e-01 -6.445310115814208984e-01 -1.495009958744049072e-01
-2.773449942469596863e-02 -5.312500000000000000e-01 -1.024952009320259094e-01
-1.250000000000000000e-01 -6.484379768371582031e-01 -1.582500040531158447e-01
-9.765500202775001526e-03 -5.000000000000000000e-01 -1.420183330774307251e-01
-1.119791641831398010e-01 -6.510419845581054688e-01 -1.431631594896316528e-01
-5.965927243232727051e-02 -6.566050648689270020e-01 -1.504058241844177246e-01
-4.687491059303283691e-02 -6.530541777610778809e-01 -1.580235511064529419e-01
-3.515600040555000305e-02 -6.542969942092895508e-01 -1.761180013418197632e-01
-3.027350082993507385e-02 -6.513674855232238770e-01 -1.877804994583129883e-01
1.293173730373382568e-01 -6.539886593818664551e-01 -3.622620925307273865e-02
1.835940033197402954e-01 -6.542969942092895508e-01 -6.643066555261611938e-02
-4.062480106949806213e-02 -6.570311784744262695e-01 -1.684114038944244385e-01
-6.718719750642776489e-02 -4.039064049720764160e-01 -2.235399931669235229e-02
-1.132811978459358215e-01 -6.742187738418579102e-01 -1.705656051635742188e-01
5.927317216992378235e-02 -2.338654845952987671e-01 5.185930430889129639e-02
-8.300799876451492310e-02 -6.650387644767761230e-01 -1.455685049295425415e-01
-6.747127324342727661e-02 -7.595880031585693359e-01 -1.614440977573394775e-01
1.591794937849044800e-01 -4.892577528953552246e-01 1.124200038611888885e-02
1.861979961395263672e-01 -5.149738192558288574e-01 -9.776666760444641113e-03
-7.934581488370895386e-02 -6.735840439796447754e-01 -1.501136869192123413e-01
1.640623807907104492e-01 -8.618165254592895508e-01 -1.314724981784820557e-02
-9.830725193023681641e-02 -7.740887403488159180e-01 -1.539913266897201538e-01
-2.187510021030902863e-02 -4.625000953674316406e-01 -8.451739698648452759e-02
-5.078100040555000305e-02 -6.660155057907104492e-01 -1.625970005989074707e-01
-3.098960034549236298e-02 -4.598959386348724365e-01 -7.009473443031311035e-02
-4.492181167006492615e-02 -6.718750000000000000e-01 -1.723088175058364868e-01
1.061199977993965149e-01 -6.731771826744079590e-01 -6.262566894292831421e-02
-2.780341170728206635e-02 -2.166821211576461792e-01 1.973058842122554779e-02
1.662325561046600342e-01 -6.733941435813903809e-01 -4.752644523978233337e-02
-1.054690033197402954e-01 -7.057293057441711426e-01 -1.858890056610107422e-01
1.807530969381332397e-01 -6.718750000000000000e-01 -6.847754865884780884e-02
-1.490386128425598145e-01 -2.671275436878204346e-01 3.804923035204410553e-03
1.718750000000000000e-01 -7.089844942092895508e-01 -7.983300089836120605e-02
8.072900027036666870e-02 -3.014323413372039795e-01 4.757833480834960938e-02
-6.044420972466468811e-02 -7.919406294822692871e-01 -1.553413718938827515e-01
-3.906200081110000610e-02 -6.777344942092895508e-01 -1.836780011653900146e-01
-1.139316707849502563e-02 -2.158205062150955200e-01 2.694999857340008020e-04
-5.468799918889999390e-02 -6.796879768371582031e-01 -1.655240058898925781e-01
-1.562500000000000000e-02 -2.050780057907104492e-01 1.226350013166666031e-02
-6.608050316572189331e-02 -6.884765028953552246e-01 -1.604528278112411499e-01
-7.812333293259143829e-03 -2.050780057907104492e-01 3.574333386495709419e-03
-5.712924897670745850e-02 -6.909177303314208984e-01 -1.671468764543533325e-01
1.435547471046447754e-01 -8.505855202674865723e-01 -2.790249884128570557e-03
-1.093750000000000000e-01 -5.078120231628417969e-01 -7.578200101852416992e-02
-4.765620082616806030e-02 -6.886718273162841797e-01 -1.757916063070297241e-01
-8.007825165987014771e-02 -2.050780057907104492e-01 4.948237538337707520e-02
2.031250000000000000e-01 -2.187500000000000000e-01 -1.124399993568658829e-02
-4.036433249711990356e-02 -6.907550096511840820e-01 -1.873715072870254517e-01
-1.406250000000000000e-01 -4.609375894069671631e-01 -9.572640061378479004e-02
1.074220016598701477e-01 -6.894530057907104492e-01 -6.412024796009063721e-02
-1.347655057907104492e-01 -4.609375894069671631e-01 -8.231279999017715454e-02
1.152345016598701477e-01 -6.894530057907104492e-01 -5.445525050163269043e-02
5.078100040555000305e-02 -3.437500000000000000e-01 -8.326999843120574951e-03
1.367190033197402954e-01 -6.835939884185791016e-01 -4.103000089526176453e-02
1.626837104558944702e-01 -6.891083717346191406e-01 -5.129064619541168213e-02
-5.859399959444999695e-02 -7.564172744750976562e-01 -1.680168509483337402e-01
1.123622357845306396e-01 -7.585017681121826172e-01 -5.557176470756530762e-02
-6.900999695062637329e-02 -7.037761807441711426e-01 -1.629286706447601318e-01
-6.933549791574478149e-02 -8.232420086860656738e-01 -1.417624950408935547e-01
-1.132812872529029846e-01 -4.946987032890319824e-01 -7.319606840610504150e-02
-4.882799834012985229e-02 -7.050782442092895508e-01 -1.782436221837997437e-01
1.992190033197402954e-01 -2.050780057907104492e-01 1.664149947464466095e-02
-4.101549834012985229e-02 -7.050782442092895508e-01 -1.906801313161849976e-01
9.687480330467224121e-02 -7.058594822883605957e-01 -8.712100237607955933e-02
-1.406250000000000000e-01 -4.785155057907104492e-01 -9.929499775171279907e-02
1.074220016598701477e-01 -7.050782442092895508e-01 -6.580912321805953979e-02
1.464844942092895508e-01 -7.050782442092895508e-01 -4.837331175804138184e-02
1.757809966802597046e-01 -7.031250000000000000e-01 -8.258666843175888062e-02
-3.515600040555000305e-02 -7.109379768371582031e-01 -2.095420062541961670e-01
-1.210940033197402954e-01 -6.562500000000000000e-01 -1.667400002479553223e-01
-9.448243677616119385e-02 -7.226561903953552246e-01 -1.718662530183792114e-01
1.757809966802597046e-01 -5.800780057907104492e-01 -2.252650074660778046e-02
-7.910162210464477539e-02 -7.172852754592895508e-01 -1.634780019521713257e-01
-3.515600040555000305e-02 -7.226561903953552246e-01 -2.092126011848449707e-01
1.074220016598701477e-01 -7.226561903953552246e-01 -6.526140123605728149e-02
-4.931624978780746460e-02 -7.211913466453552246e-01 -1.789758801460266113e-01
1.289062052965164185e-01 -7.226561903953552246e-01 -5.114287883043289185e-02
1.562500000000000000e-01 -7.167969942092895508e-01 -5.738050118088722229e-02
1.679687500000000000e-01 -7.236327528953552246e-01 -8.470624685287475586e-02
9.244800359010696411e-02 -7.291666865348815918e-01 -1.007153317332267761e-01
1.523440033197402954e-01 -7.304689884185791016e-01 -5.990799888968467712e-02
-3.320299834012985229e-02 -7.929685711860656738e-01 -2.080710977315902710e-01
-1.367199979722499847e-02 -3.027344942092895508e-01 -1.805800013244152069e-02
-9.531240165233612061e-02 -7.406251430511474609e-01 -1.743282675743103027e-01
1.464844942092895508e-01 -4.609375894069671631e-01 1.842755079269409180e-02
-7.031200081110000610e-02 -4.375000000000000000e-01 -4.136300086975097656e-02
-8.007825165987014771e-02 -7.402344942092895508e-01 -1.655594408512115479e-01
-3.515600040555000305e-02 -7.402344942092895508e-01 -2.090609967708587646e-01
9.062519669532775879e-02 -7.390626072883605957e-01 -9.858860075473785400e-02
9.570299834012985229e-02 -7.402344942092895508e-01 -8.510649949312210083e-02
1.289062052965164185e-01 -2.675782442092895508e-01 6.997954845428466797e-02
1.007807999849319458e-01 -7.414063811302185059e-01 -7.183639705181121826e-02
1.074220016598701477e-01 -7.402344942092895508e-01 -6.245575100183486938e-02
1.770833283662796021e-01 -6.178386807441711426e-01 -3.803066536784172058e-02
-8.593799918889999390e-02 -7.500000000000000000e-01 -1.653580069541931152e-01
8.705399930477142334e-02 -7.561382651329040527e-01 -9.967085719108581543e-02
9.179700165987014771e-02 -7.578123211860656738e-01 -8.475533127784729004e-02
1.054690033197402954e-01 -7.539060115814208984e-01 -6.102733314037322998e-02
1.289062052965164185e-01 -7.578123807907104492e-01 -5.315691977739334106e-02
-5.761750042438507080e-02 -6.240234971046447754e-01 -1.310365051031112671e-01
1.487167179584503174e-01 -7.583703994750976562e-01 -6.601099669933319092e-02
1.591794937849044800e-01 -7.529295086860656738e-01 -8.250675350427627563e-02
-3.905999939888715744e-03 -2.539060115814208984e-01 -2.566966600716114044e-02
-9.244800359010696411e-02 -7.630208134651184082e-01 -1.614570021629333496e-01
1.464844942092895508e-01 -4.257813990116119385e-01 3.342900052666664124e-02
-7.929699867963790894e-02 -7.726563811302185059e-01 -1.505939960479736328e-01
-5.468799918889999390e-02 -7.753907442092895508e-01 -1.664667427539825439e-01
-3.125000000000000000e-02 -7.753907442092895508e-01 -2.198854982852935791e-01
9.570299834012985229e-02 -7.753906846046447754e-01 -6.561890244483947754e-02
-1.858260035514831543e-01 -8.571429848670959473e-01 -8.656642585992813110e-02
-6.250000000000000000e-02 -7.226561903953552246e-01 -1.691271960735321045e-01
1.113282516598701477e-01 -7.753907442092895508e-01 -5.292368680238723755e-02
1.289062052965164185e-01 -7.753907442092895508e-01 -5.243130028247833252e-02
1.484376639127731323e-01 -7.753907442092895508e-01 -6.786783039569854736e-02
-9.765619784593582153e-02 -7.890623211860656738e-01 -1.347992718219757080e-01
-4.882799834012985229e-02 -7.929685711860656738e-01 -1.725140959024429321e-01
-4.101549834012985229e-02 -7.929685711860656738e-01 -1.881763935089111328e-01
9.825692325830459595e-02 -7.938700914382934570e-01 -5.289261415600776672e-02
-1.406260021030902863e-02 -7.976561784744262695e-01 -2.603166103363037109e-01
