1.554107261531567086e-01 -9.027783689119883714e-01 -1.803495055494086508e-02
1.209444327168699013e-01 -9.057013500598215527e-01 3.027738301067209314e-02
1.072767113094972719e-01 -9.034415397686014204e-01 3.760123991784879161e-02
8.999664900058181038e-02 -9.013996357548854643e-01 4.250490777697409767e-02
7.433195177891940841e-02 -9.011364866053583889e-01 4.306800969422399511e-02
1.564644265961619984e-01 -8.926744145768548133e-01 -1.329313848701662443e-02
1.627419258809621461e-01 -8.909587972002631640e-01 -5.478474331513071005e-02
1.631355988703035442e-01 -8.888948123207970342e-01 -4.418179545563161170e-02
1.357521966035675764e-01 -8.921827015557035612e-01 1.739648053892392868e-02
6.797156005480563257e-02 -8.849042823801518409e-01 3.665961367051013414e-02
1.628514285569292452e-01 -8.808112642353082000e-01 -4.424585416654742975e-02
1.331190951986708226e-01 -8.803319712918036277e-01 1.261740809737850119e-02
1.038611372251252302e-01 -8.806589684005778906e-01 3.543348306237176226e-02
8.981269647603894180e-02 -8.797002687313638658e-01 3.923832790560035505e-02
7.284585597013087943e-02 -8.777340300183842370e-01 3.249082132974775300e-02
1.642902277710890924e-01 -8.749775979895780820e-01 -8.604352029620518372e-02
1.623324979736664453e-01 -8.668947585291639779e-01 -9.183533711268188071e-02
1.625861025274085714e-01 -8.735216722935874589e-01 -6.915253320603351184e-02
1.621040642363631434e-01 -8.742091328995651445e-01 -5.379620374492728729e-02
1.580499850010704810e-01 -8.666009342757819978e-01 -4.554605970714330210e-02
1.574343418829785013e-01 -8.727812940742809555e-01 -3.481193717147021416e-02
1.338627330862083298e-01 -8.660106903074399343e-01 -6.433596981506979617e-03
1.307364313555651747e-01 -8.709640350858776081e-01 2.615002197822645369e-03
1.108734080496803082e-01 -8.615412326515056174e-01 3.376103896721709130e-03
-1.532896556069842653e-01 -8.575565786029230031e-01 -8.131573932831319407e-02
-1.386574166534090824e-01 -8.538434314890072097e-01 -9.850091548271686093e-02
-2.042401025473374321e-01 -8.525949519562581180e-01 -6.562711477911890856e-02
1.601713723009592916e-01 -8.567900233609690996e-01 -9.809602816310780682e-02
1.603053497530460003e-01 -8.546716567284591282e-01 -7.709625116427534786e-02
1.541088549223578741e-01 -8.504332776991676557e-01 -5.721732709486540558e-02
1.521460663810730862e-01 -8.557351883980576224e-01 -4.648293435701536525e-02
1.256566819849348482e-01 -8.566640096850975938e-01 -1.122918343285891213e-02
1.105451396367986144e-01 -8.540041937566805741e-01 -5.360799677298098975e-03
9.414376562849037511e-02 -8.518587359104631274e-01 -9.039380926020232354e-04
8.058060727774857268e-02 -8.536385163176934965e-01 2.111340841207641483e-03
7.788235594885159485e-02 -8.489224663652116254e-01 -6.593265669510510463e-03
-1.170967432140709724e-01 -8.482080291313592868e-01 -1.120644611945806335e-01
-1.178809088381710113e-01 -8.461216444514494395e-01 -1.009782929675522578e-01
-1.265184300069894241e-01 -8.489726359404795586e-01 -9.363388909562528339e-02
-1.565504353294072393e-01 -8.509855086463331553e-01 -7.007853331051842882e-02
-1.827901718686995025e-01 -8.461663715513908501e-01 -5.466091598171375632e-02
-1.900032798939394474e-01 -8.518750123022943432e-01 -6.055170881021282314e-02
-2.020978869276682799e-01 -8.485699597291965768e-01 -6.122611002516648027e-02
-5.649667932210405974e-02 -8.436538608226613611e-01 -2.154867397962852149e-01
7.865060308995518168e-02 -8.435776728531069191e-01 -1.238690662772086448e-02
-6.892548416514876486e-02 -8.427068469172239729e-01 -2.015153185424889970e-01
-7.545867474080969473e-02 -8.391209307276998874e-01 -1.783519807749094355e-01
-8.566111384476000901e-02 -8.388586891515901200e-01 -1.590946582581814484e-01
-2.002193465648394732e-01 -8.391671978711473523e-01 -5.938073692622497513e-02
1.572750203758935816e-01 -8.426444022919594712e-01 -1.064188458331148113e-01
8.990569494158549835e-02 -8.414461753634033814e-01 -1.382789515949126719e-02
1.339440542725297556e-01 -8.418914543895205105e-01 -3.051575875354740897e-02
-1.563049428825056542e-01 -8.352304699189225801e-01 -6.882131741426041061e-02
-1.886879713078348231e-01 -8.360452634408658268e-01 -5.947753672392412649e-02
1.605899626359202914e-01 -8.304876288198245193e-01 -8.693958743341069495e-02
1.574570113392542159e-01 -8.384727172469988998e-01 -7.825453194495615716e-02
1.546701328575828538e-01 -8.383745470635789454e-01 -6.747653865901877268e-02
1.504617768793610755e-01 -8.364243048524180324e-01 -5.828087176819397863e-02
1.466184438873050500e-01 -8.403940799812494866e-01 -4.863604725039884225e-02
1.378375288703643231e-01 -8.352649268070077015e-01 -3.900655911849269797e-02
8.622466191955450998e-02 -8.318457159620730179e-01 -2.640183361923726518e-02
9.261372650406606011e-02 -4.633525029336766909e-01 5.938348382655139757e-03
1.139478308508453802e-01 -7.648717718564591594e-01 -4.291960278087400549e-02
1.721018882928643245e-01 -4.578432663639826483e-01 1.822862068217177139e-02
-7.334563803880025934e-02 -4.547875382943053491e-01 -4.670655534595594127e-02
-2.120309859753181925e-02 -4.923095941984435009e-01 -1.093532832237986696e-01
7.551830109113935596e-02 -3.841378538315432523e-01 4.001347193447062078e-02
-9.521122404759252422e-02 -3.626010312690114423e-01 8.390903112276443254e-03
1.200894095874760342e-01 -4.441709135048955703e-01 2.993590931802456515e-02
1.356749414106267482e-01 -9.063278285451941141e-01 1.554232351434980605e-02
-2.724131072969331741e-02 -4.183259035296527095e-01 -5.870893479939430504e-02
1.744850401794494910e-01 -2.760918381316110892e-01 5.096375398919692629e-02
1.431430992819269221e-01 -4.398286193367223484e-01 3.261846632063462176e-02
7.065885122629007864e-02 -4.387743836053883406e-01 1.245255628290378724e-03
1.271646977338906082e-01 -5.447099050768595685e-01 6.753323258766423531e-03
1.641644438488255586e-01 -8.890252649080045977e-01 -6.774964652151779787e-02
6.532770844038905678e-02 -4.387083653138608152e-01 -3.457457879933734102e-03
-3.272047944762043054e-02 -8.064476800086127772e-01 -2.359676440314678880e-01
-6.599300270380064476e-03 -3.081377601825809887e-01 -2.588880220915516783e-02
8.172960167323950476e-02 -4.571256569086126764e-01 3.228970465152289360e-03
-1.345276920695401834e-01 -2.574616432285616319e-01 3.680475946026392359e-02
1.947939832447869168e-01 -4.606059261468018473e-01 -1.460051577225359581e-02
-8.663521875215120238e-02 -4.310713039681618453e-01 -3.267246378873751855e-02
-1.800311239929900178e-02 -5.005560653554401718e-01 -1.331686261026595597e-01
-1.216330859605073839e-01 -4.352009483733322859e-01 -3.502546300233289056e-02
-1.120545489303171743e-01 -4.257736243888312622e-01 -2.702770093760328146e-02
1.022577062616797788e-01 -4.263501727481480152e-01 3.407943863133122697e-02
-3.747118042771931112e-02 -4.234222808464573329e-01 -5.012567679514823293e-02
1.605300927138678113e-01 -2.932071641561326825e-01 6.348189421774702579e-02
1.273195486769874707e-01 -4.213459889618173526e-01 4.145294414349884327e-02
1.109729219327714872e-01 -4.193759937603065424e-01 4.094340511325912646e-02
-1.385825893687010479e-01 -5.144222605122305003e-01 -7.363311417982135176e-02
-1.376762375597381238e-01 -4.355480786129575788e-01 -4.813113633255118595e-02
7.488839278810786870e-02 -4.145263413079837145e-01 1.844587224933439892e-02
-1.719558477653566203e-02 -3.912073711183963187e-01 -7.073782329309476202e-02
6.666471616693085689e-02 -4.198799151176290101e-01 7.399244617290502701e-03
-1.393373973239452335e-01 -3.991088897106535027e-01 -3.618559236227676668e-02
-2.079286952096701807e-02 -4.154237231382795770e-01 -7.900329617109275171e-02
2.055542653465829983e-01 -5.099124276660960131e-01 -4.592251622182817739e-02
1.809881467565671032e-01 -4.405514075459641687e-01 1.316129984419307786e-02
-2.329915907415971293e-02 -4.211127806056022549e-01 -7.081763372960210579e-02
1.268428727793554089e-01 -4.384622287068164481e-01 3.425328449512556050e-02
-5.386477175286912000e-02 -4.187104205580486904e-01 -3.689351573213850433e-02
-6.729184764880574710e-02 -4.032756551430551339e-01 -2.358241170164050021e-02
-1.140783124062433596e-01 -8.336329214150414169e-01 -9.902734434799323471e-02
-1.033259170118857317e-01 -4.034167502601721522e-01 -1.419290813826176029e-02
1.451974199195844029e-01 -4.041396716840283121e-01 4.140425437543578113e-02
-9.160941607337953763e-02 -7.619390361704004855e-01 -1.437338831764062019e-01
1.336310689448103051e-01 -4.639455433047386945e-01 2.442576304238029683e-02
1.394157147571165600e-01 -3.972938578644375496e-01 4.494660923133234065e-02
4.801098726082322909e-03 -2.436636958587335977e-01 2.789476849993084706e-02
7.300056537010220226e-02 -4.016730797622953819e-01 2.470897414763370201e-02
-2.345105483744882799e-02 -4.418883465247915865e-01 -1.316849152151397528e-01
1.588865366446731153e-01 -8.626239618623189331e-01 -5.577145961099787275e-02
6.097122149729379548e-02 -4.032194305665779410e-01 1.156415311070490420e-02
-2.280037930446944527e-02 -4.376515369279896372e-01 -8.837206255996558901e-02
-1.172091830421448100e-01 -4.140483277230833647e-01 -2.135284145243208226e-02
-5.322071725195498537e-02 -8.301287736457170219e-01 -1.914744475460386786e-01
-2.587116450103342860e-02 -3.982137191445668245e-01 -4.571965568088912080e-02
-1.395665431881903118e-01 -4.537213200725611073e-01 -5.393602371772475423e-02
-5.218938305776294612e-02 -4.005238086717446966e-01 -2.911560421150508060e-02
1.909136986656705948e-01 -5.850472550866102628e-01 -4.130234509101653184e-02
-2.343220427068233580e-02 -4.558380138652978752e-01 -9.257841123192767085e-02
1.409881688727457894e-01 -3.245150093132553315e-01 6.527553028717043848e-02
-9.220556223347434188e-02 -6.912123129618558126e-01 -1.378252691684326292e-01
9.574749371021391842e-02 -6.757348574439567823e-01 -4.931728287897584051e-02
-1.116925250436281297e-01 -3.933765053109267162e-01 -8.608704418095136646e-03
-1.574631103919056363e-01 -2.168536731529518424e-01 4.039785108104143596e-02
-1.334644924758185414e-01 -3.991749978943869848e-01 -2.962870801224382067e-02
-7.657272032354023317e-02 -7.076742897528288667e-01 -1.470867208366378187e-01
8.521083658976745523e-02 -3.923642873737122061e-01 4.272580639410474695e-02
-1.269663790034432360e-01 -4.716886054050170585e-01 -5.073385414748297906e-02
-9.185450227426780745e-02 -3.268908042996317986e-01 2.614845707922117818e-02
1.310333063414316213e-01 -7.469806463802285412e-01 -4.334719701788777857e-02
-4.946603014444635182e-02 -8.173853778916077006e-01 -1.884723893387663385e-01
5.211990161004184663e-02 -4.000514619983133180e-01 9.829266068846494175e-03
6.940125467913152435e-02 -4.751477084965250453e-01 -7.146765987961350985e-03
5.873098595811029887e-02 -3.890195490769750575e-01 1.677247409090436639e-02
1.444256442776122862e-01 -8.932409061221174840e-01 7.320780390696033507e-03
1.842606050631105385e-01 -3.852599774183079195e-01 -4.018763163124113025e-03
-1.661246120302831142e-01 -2.199425889858721561e-01 2.989110703875772282e-02
8.500922454184729748e-02 -2.734298873926886420e-01 8.849281456413046754e-02
1.826462359067654306e-01 -3.874144415927320284e-01 9.013236622579325757e-03
1.397644864384935404e-01 -6.345805701110370789e-01 -1.888137682414733898e-02
-1.413166210820687163e-01 -8.341996655428317586e-01 -7.655705895897628455e-02
1.604977238593502387e-01 -3.855642588620296074e-01 3.719841963971794868e-02
1.288895752237734782e-01 -3.849727776509225818e-01 5.091422994437179439e-02
9.343578643183307608e-02 -3.839603799852474020e-01 5.044717289022747353e-02
1.878541045774202445e-01 -6.219074989588643243e-01 -5.720571605311956798e-02
-1.367204839280943274e-01 -4.158214511398405366e-01 -3.756728304219143777e-02
9.806031174347444590e-02 -3.611912627851226465e-01 5.974957938982991545e-02
8.452136542579474776e-02 -5.110672514886626105e-01 -4.558994322100461127e-03
-7.363105704913808225e-02 -7.981883049653579754e-01 -1.482604648743980347e-01
6.450169504266678455e-02 -3.840176625539899469e-01 2.693302799383432561e-02
1.240068374839508464e-01 -4.759384316891769329e-01 1.721145675663063312e-02
8.305683555790975559e-02 -8.602267692933371901e-01 1.255273368246118820e-02
-5.230316734559850578e-02 -6.721005290172129554e-01 -1.654164612618718444e-01
-8.183239474248689416e-02 -3.817460720907648319e-01 -6.630279159036731040e-03
-1.140038067211595896e-01 -3.806143757636513691e-01 -2.516033397162553698e-03
1.489789730873580798e-01 -4.864370338387258297e-01 2.028023368251536881e-02
-1.232210952626004025e-01 -3.824132251629126511e-01 -8.479259821813321663e-03
3.719260145981066745e-02 -2.572797983736494487e-01 8.036987235554483855e-02
-1.300425162452067962e-01 -3.769476041306279446e-01 -1.541904407421408607e-02
-1.062496830904365724e-01 -4.366719789294433718e-01 -3.320063955201220385e-02
-1.360092327736082685e-01 -3.801276296984156811e-01 -2.536891410963414834e-02
6.234036596271946840e-02 -3.718275363234295749e-01 3.444146724015215849e-02
-1.025334088990641906e-01 -3.692272440900234987e-01 5.145422668378637349e-03
-6.313064599482509642e-02 -3.692658884574845368e-01 -6.646822988717542013e-03
1.061834058683367582e-01 -8.384354526751571779e-01 -1.869259785771127530e-02
1.788534578253649920e-01 -3.665782178179233797e-01 1.687625493694832127e-02
9.942766604432433375e-02 -8.291747344886427618e-01 -2.539103595236833627e-02
1.727323385269010081e-01 -3.680375125824764115e-01 2.824989553166218359e-02
9.356982929363848178e-02 -3.678614547040217619e-01 5.716804725572760537e-02
-1.429053639421584698e-01 -4.375027984423611738e-01 -5.271183778992283298e-02
6.808021408437571476e-02 -3.671567725387330228e-01 4.558714290424295545e-02
9.756692608903293207e-02 -3.302184883774228474e-01 7.304813253176917209e-02
6.017397127358832531e-02 -3.596372692663681314e-01 4.193604517745033733e-02
4.646024027894338215e-02 -3.838193742029247235e-01 5.819073706355232245e-03
1.454996788872331415e-01 -3.670816965262201914e-01 4.885969304733964180e-02
5.555232867554184273e-02 -3.652685907496887041e-01 3.089994822784996459e-02
-4.389408744320300038e-02 -3.266724418496103066e-01 1.121928044021731213e-02
-2.261332574573501203e-02 -3.616288050231813989e-01 -2.842727851894795432e-02
-3.316887943380993770e-02 -3.644465461054648969e-01 -2.087673170736958211e-02
-4.753986974940199728e-02 -3.658513431611457589e-01 -1.269021514557950453e-02
8.821619976142743014e-02 -4.374815530444360889e-01 1.579245623274997193e-02
-5.290511181746861136e-02 -5.622564087977325320e-01 -9.711812662047900058e-02
-4.982849459810894527e-02 -3.590497489044325863e-01 -6.221908194847268481e-03
-2.239038136780290705e-02 -3.818224332130529808e-01 -4.098919030466706415e-02
7.849776943409338126e-02 -4.403971377319229608e-01 5.892645248361152999e-03
1.439972283389305829e-01 -9.038195903176894364e-01 5.954684312236915161e-03
1.828547192837306490e-01 -3.686083819768549708e-01 5.607882399919564276e-04
-6.578904010832678506e-02 -5.840893598822751720e-01 -9.967466366478724971e-02
1.689014227799696677e-01 -7.104012691520430467e-01 -7.545581796805793384e-02
-1.375274251050599417e-01 -3.627193734444536521e-01 -2.251740192811029634e-02
1.628925597965030780e-01 -3.128176815844996850e-01 5.357053802519588792e-02
1.106654258721674750e-01 -4.028632141228502550e-01 4.744618655038189414e-02
-1.395871697156512714e-01 -3.485252888391412451e-01 -1.781996721710747689e-02
-2.219307430753913318e-02 -4.377167702684028328e-01 -9.983636013428345835e-02
-1.474647688286903277e-02 -3.498740660813757786e-01 -3.470022161188869581e-02
-7.182308444993461272e-02 -6.369487631146563134e-01 -1.228825542312179109e-01
-2.825887327054075679e-02 -3.503675136990754280e-01 -1.602661691963450791e-02
1.151233994289690282e-01 -6.042613079732708226e-01 -1.497954668766533076e-02
-9.495533556837891520e-02 -3.471873233247846913e-01 1.681686358104923090e-02
1.535131738928680045e-01 -7.838464353632630388e-01 -7.207556237338236249e-02
-1.192052896995879352e-01 -3.479286598921730311e-01 8.689020101590078787e-03
1.714441494700332247e-01 -3.494205480157331900e-01 3.134811412822475357e-02
-1.594191773381167798e-01 -8.251258230608063959e-01 -7.834398828190196340e-02
1.133735315022815354e-01 -3.483035791570441297e-01 6.284644589235952039e-02
1.327177659056782422e-01 -6.762547954532234229e-01 -2.963341543163634795e-02
7.444861596700749762e-02 -3.493328925693026665e-01 6.009686432234244424e-02
6.385020431271716534e-02 -3.434722042240308526e-01 5.633455281599460823e-02
-6.967929567275238378e-02 -2.544407845921281552e-01 4.927082643546615293e-02
-2.591606617625879377e-02 -4.418228045172883922e-01 -1.265784953566737869e-01
-1.340605898444439392e-01 -3.445236285490326233e-01 -6.577011211873123875e-03
-7.144066431914260218e-02 -4.401034891618609279e-01 -4.099778955443481032e-02
5.777938928849121747e-02 -3.464371601429016567e-01 4.875967236099529312e-02
1.789931641360115733e-01 -6.631594616668642361e-01 -8.636574148439161991e-02
4.104728596023798914e-02 -3.391662727603237948e-01 3.292179303306794896e-02
-1.149436201600324836e-02 -3.407222109797967691e-01 -5.231941308768536802e-02
3.797147773013449801e-02 -3.465535156242070536e-01 2.607654050449380312e-02
-1.720125378323966725e-01 -8.349428910212588484e-01 -6.332692015759572302e-02
-6.106429127812686847e-02 -3.390770770014390756e-01 1.340639191965233359e-02
3.384243968175501549e-02 -2.357809276484822136e-01 8.756354856969454648e-02
9.485621371257220436e-02 -6.038379200792807211e-01 -2.716433190202607179e-02
-1.162103098541158869e-01 -6.732361819235468392e-01 -1.425441888603768414e-01
3.393195413276155203e-02 -3.350587010542409594e-01 2.256697639650210446e-02
-1.487812978110425455e-01 -3.504792572369956893e-01 -3.597058990672756529e-02
1.999671868515940920e-01 -5.866998241263942093e-01 -7.367407740166567742e-02
-2.740393563333240468e-02 -4.380792664244672063e-01 -7.323695278569977707e-02
-3.983913959751006484e-02 -3.325699899824631212e-01 4.996697831520728605e-03
4.547997974341774774e-02 -3.657842651050680072e-01 1.953166194188166518e-02
1.930234573664549313e-01 -4.421046410105061164e-01 -1.621141115731170035e-02
-2.196951938948095429e-02 -4.572614873680095893e-01 -1.035243434621743175e-01
-3.072863413112327316e-02 -4.550593750825103201e-01 -7.588822193757360779e-02
1.421748252389170020e-01 -5.631591524042940389e-01 1.907105139482834222e-03
1.318192346723674468e-01 -3.328097720437226958e-01 6.495747640574169035e-02
1.141617094178367237e-01 -3.335952575131327369e-01 6.965806556819217898e-02
5.008116284231525772e-02 -3.818186094722035295e-01 1.437575160784713632e-02
-1.616552771162043517e-02 -3.810715866904555438e-01 -5.930563927672576063e-02
-2.006235239778289201e-02 -2.562147921240610082e-01 1.989987133777910283e-02
8.682376879509423606e-02 -7.927342207440503108e-01 -5.089634642655087304e-02
-1.118153849108216025e-01 -3.271577534281288058e-01 2.161765432245139201e-02
1.779059592226785447e-01 -3.303348695988357897e-01 -9.367477071033178393e-03
-1.027599148644615795e-01 -4.174916065603082593e-01 -2.248528136393409399e-02
1.612252982642766175e-01 -3.304125656654761101e-01 4.878749294454694935e-02
1.476613571059469110e-01 -3.310344200538871684e-01 5.888437872532050615e-02
-2.594346161716697130e-02 -4.571088486349664248e-01 -8.552455355703481032e-02
1.731685821918197421e-01 -3.130799622376764790e-01 3.456587426763380044e-02
1.352527123361315642e-01 -5.697855465258279128e-01 3.260027338763960003e-05
-1.381514702291329055e-01 -4.456518823895571635e-01 -5.089315278575373691e-02
7.170816147936795448e-02 -3.302871040569584915e-01 6.537007269770991891e-02
-1.471330578202473816e-01 -3.281854637534427632e-01 -1.428508068289324057e-02
6.193983693035923221e-02 -3.286094125002203548e-01 6.049044864238226071e-02
4.495043581976693181e-02 -3.230009062448441770e-01 4.809694667770279819e-02
-1.897039826948141578e-02 -3.252558764665675062e-01 -1.187161875540925643e-02
1.274180892060890469e-01 -8.859563452454293220e-01 2.341345842763469659e-02
-2.853169060130477525e-02 -3.283996808971008097e-01 -2.379762543475598402e-03
2.048825507302726168e-01 -5.503924860367582772e-01 -6.630636155074047522e-02
1.216006606484327651e-01 -8.921994484175678197e-01 3.130054016647249027e-02
-3.432313570965201538e-02 -3.218804166469172445e-01 7.029100072518449510e-03
2.028175321190629488e-01 -5.503270105521427258e-01 -5.983100581825435971e-02
1.603354138682097640e-01 -4.037508138115714629e-01 3.459895507531135506e-02
-1.419496791362830912e-01 -4.868612117732223910e-01 -6.581674900384637539e-02
9.998315538968217953e-02 -7.838328755538314097e-01 -4.433806276262884649e-02
-7.467563190757382785e-02 -3.271867754463927969e-01 2.399526179007197696e-02
5.207572718556148506e-02 -3.300232860819660163e-01 5.235584466307739715e-02
-1.070069753612827163e-01 -4.538643422345548517e-01 -4.110853624144077123e-02
-1.231497861366970259e-01 -3.233821715199755586e-01 1.757500162582131473e-02
-4.115533823420035320e-02 -5.798671739320906404e-01 -1.164140050076652444e-01
-1.300179299882628925e-01 -3.263308043063901653e-01 1.065700475653097792e-02
1.168422054884625111e-01 -2.937436388842556423e-01 8.084974890262885960e-02
-1.407465503905360182e-01 -3.268940974588503412e-01 -3.564287243090193125e-03
-1.544498448190355644e-01 -3.200366323218479248e-01 -2.487517555555763399e-02
2.026343831086119818e-01 -5.199504462067066068e-01 -4.350841119058469764e-02
1.858430345317060861e-01 -4.230682623430127576e-01 5.634321533713515517e-03
1.028691246290419498e-01 -2.227220591393928306e-01 1.019223458389406506e-01
-8.361581169425878757e-02 -3.979116366392099757e-01 -1.455076908063748786e-02
8.094973567165583694e-02 -8.656766774910364948e-01 2.006893602354761774e-02
1.574203358363483463e-01 -4.883192809870801621e-01 1.801823184212970191e-02
1.516125397522923302e-01 -7.819880920472854768e-01 -1.122135862812427276e-01
-1.105493330522265560e-01 -3.437320733071294598e-01 1.532131076617100976e-02
1.841924513268926034e-01 -4.042758747656808316e-01 7.898222848572607896e-03
1.081914172765853915e-01 -6.435280573636422696e-01 -2.867810592976828554e-02
1.460192108417215917e-01 -2.113863062539300675e-01 8.844070209609909694e-02
-1.307560384442474910e-01 -8.458263759686664995e-01 -8.409324487498279210e-02
9.398801124392715256e-02 -5.300700478480757649e-01 -3.624248957224400491e-03
-3.256866024705919876e-02 -8.178441416738498893e-01 -2.254476296451052575e-01
1.587205541526637287e-01 -8.566106534320885313e-01 -6.581571920271934995e-02
-1.162327982773724844e-01 -8.017638156276162276e-01 -1.106555508704825108e-01
2.233193906862334516e-02 -2.554914751458716160e-01 6.490515739447810795e-02
-9.234173644682434207e-03 -2.556232865388200493e-01 1.235504736135211584e-02
1.442582720423587483e-01 -2.194366244650300390e-01 8.827694468295170516e-02
8.151724299404100593e-02 -7.886269494557902604e-01 -5.506061762680362903e-02
-4.826678020436798999e-02 -2.437044155428811643e-01 4.592771181063103753e-02
-1.067113489036425750e-01 -2.073058447668266469e-01 6.319172691268579167e-02
7.602556137288971061e-02 -2.789126272272424156e-01 8.398646830120970463e-02
1.813542118666315872e-01 -2.891254823166842236e-01 4.358365198968611881e-03
1.875616836076591798e-01 -4.052681188591808481e-01 -6.786309737631446293e-03
4.821695651658512716e-02 -2.558214615325460350e-01 8.577628794376174204e-02
-1.241402938569395598e-01 -2.531178422830742125e-01 4.276148405873065467e-02
1.543509139209415792e-01 -2.115505325936923309e-01 8.309624344238449034e-02
1.973338704408064137e-01 -4.597647936483803544e-01 -2.587695869360155665e-02
1.199227320913762856e-01 -2.108934469698958147e-01 1.007041450583735787e-01
-1.496269659997357115e-01 -2.248665579406702308e-01 4.293674555141765992e-02
1.276417227163703649e-01 -8.498100886074256843e-01 -1.913620579005963912e-02
-6.835686684925103285e-02 -2.378771118921045036e-01 5.430475232815145520e-02
1.943646200453713613e-01 -5.303217021767561157e-01 -2.390526802780137960e-02
-1.462050568725520305e-01 -5.305218765488960431e-01 -8.799461584558937455e-02
-2.684237187654375106e-02 -5.437568071496695632e-01 -1.175144990141457624e-01
5.115695198215072792e-02 -2.696279239685850926e-01 8.075113951427703718e-02
1.326801374196437955e-01 -3.122264322802086878e-01 7.206312960990436667e-02
-8.613554278764976035e-02 -4.181188292800147588e-01 -2.544549344554100645e-02
9.946928159248594192e-03 -2.213060461462907635e-01 7.508975571085561851e-02
1.014587985894128547e-01 -6.697314574423675060e-01 -4.112972059562133853e-02
1.803768526719026211e-01 -2.586510706797931491e-01 3.828043417980366708e-02
-5.659349943300354124e-02 -3.108422205447257669e-01 2.551547547744143635e-02
-1.168241635248558480e-01 -8.183613380912346802e-01 -9.931748668506243383e-02
-3.800745283706645494e-02 -2.550322763552818062e-01 3.577301179763698463e-02
-1.601972503624729538e-01 -2.510535459820061321e-01 2.073661488269348124e-02
1.241628685020054051e-01 -2.473651268967251571e-01 9.081260398700177761e-02
7.726691220296826035e-02 -4.287362237903923901e-01 1.145029890362088756e-02
-3.861272783310736034e-02 -5.424677076995571001e-01 -1.001240357827937744e-01
-7.771598115056929656e-02 -7.444911143862404934e-01 -1.504515361184284861e-01
-1.441827751109793776e-01 -2.528121996734273846e-01 3.343781991910658308e-02
-1.188436224182997658e-01 -2.860155685961859318e-01 3.312839054130563288e-02
-2.082050266045165285e-02 -5.287483632696592384e-01 -1.256763601075769898e-01
-9.602141066798156044e-02 -8.365106603772354266e-01 -1.266077398994472358e-01
-1.679762064959508527e-02 -2.453550414347812902e-01 2.146473460967518454e-02
2.669708201398267311e-02 -2.709277226294705687e-01 6.186588063906030277e-02
-1.649223761359762119e-01 -2.388791382891831683e-01 1.608491897971492043e-02
4.340581781445988774e-02 -3.533771836374896558e-01 2.586115729526076989e-02
1.654151146877617662e-01 -2.420915073977748799e-01 7.015269770185803000e-02
8.400872358980066013e-02 -3.442657127469161416e-01 6.601593453956888791e-02
-5.985986424030640546e-02 -4.703255635877555130e-01 -5.794804513496434883e-02
1.529502300004372817e-01 -7.150430792125067603e-01 -4.596631554807480147e-02
-5.087764885298118323e-02 -3.814321291647956302e-01 -2.097643546733150149e-02
1.866711567505461855e-01 -4.588692153638403992e-01 3.478052994340528892e-03
1.506359730139566477e-01 -2.417959333626998053e-01 8.051914235886296900e-02
-4.195226285416116252e-02 -8.004221693519081304e-01 -2.048420114024812333e-01
1.360781354070365046e-01 -2.435419126771749265e-01 8.710475234139090916e-02
1.084991841252493788e-01 -5.606117790223511532e-01 -4.770496086624678722e-03
1.831460784004020903e-01 -2.303933238626074409e-01 4.416614769258739304e-02
-5.666263413634278767e-02 -8.232837175482082825e-01 -1.799241432787659078e-01
1.327121820110387374e-01 -2.370085061557234973e-01 9.010229408666561857e-02
8.449845485693081859e-02 -2.406124873045328294e-01 9.795271505220672081e-02
8.904834282907138354e-02 -2.920576595900112871e-01 8.337884042427129438e-02
1.864770862897752735e-01 -4.406826011999250836e-01 4.857828912327215309e-03
1.042070290653997061e-01 -2.389206647300207154e-01 9.791248850714907859e-02
1.687767298723026888e-01 -5.484015866115514726e-01 -3.267979497116851872e-03
-1.160476757385121155e-01 -4.621472656137626256e-01 -4.478198150678268374e-02
-7.701893111926465252e-02 -5.093474137343934061e-01 -6.541015027681283678e-02
-3.243426847916321826e-02 -2.274919529698741505e-01 4.214912157897990341e-02
-1.198560071823584483e-01 -2.176647634697242983e-01 5.689677801121592604e-02
-5.859062071852159936e-02 -4.307692525333939315e-01 -4.088562089913423681e-02
6.689541005659399575e-02 -2.397530335669023627e-01 9.581669050662948439e-02
1.948364920668687605e-01 -5.873248107499362547e-01 -5.340115557321285789e-02
8.134799636371121967e-02 -3.774581953556752079e-01 4.923143375898924451e-02
8.964356062948418413e-02 -8.250015868568328914e-01 -3.133678270214435013e-02
1.806240477793724652e-01 -4.041775665282877350e-01 1.600320296118165272e-02
-1.158974211214954808e-01 -2.344702783819965775e-01 5.238858586104205850e-02
-5.339905453879986719e-02 -2.372870300154046597e-01 5.023440392164670032e-02
1.805972361358160194e-01 -2.910808527133411094e-01 1.508331547028727432e-02
8.275700672213751052e-02 -3.291140559110588004e-01 7.059303543755773847e-02
1.711092378729240915e-01 -6.911879018789266471e-01 -6.235648857382132537e-02
-1.851978185865856344e-02 -3.657796466246522882e-01 -3.744520128474307374e-02
-1.256972056519991554e-01 -2.381151710442829805e-01 4.804927144785674925e-02
8.202437246465596465e-02 -4.749150270418110997e-01 8.848985897518049648e-04
-1.410696550014584050e-01 -2.067790431991312905e-01 5.395167991558871834e-02
1.852146897129512970e-01 -2.326096947100673995e-01 1.038698802248069764e-02
-2.302406545598427445e-03 -2.790422649182073833e-01 -3.776657219709975144e-03
9.643430792060615764e-02 -4.012965542964944121e-01 4.403691943077518711e-02
-8.715426195321782088e-02 -2.541447642475677116e-01 5.041065294318703566e-02
1.428592800475241842e-01 -4.574993401961759409e-01 2.730698979809294269e-02
1.899140585503775736e-01 -5.135279386454788542e-01 -1.186946495785794892e-02
-6.344816591651586402e-02 -3.615364665436983094e-01 -4.187135806106370706e-04
-3.897490095648412783e-02 -8.176476632341975748e-01 -2.067408155806280956e-01
1.306363020223011429e-01 -4.497350201858369978e-01 2.930884484478625887e-02
1.794542544658253580e-01 -2.235485075391123178e-01 5.486034244734026843e-02
1.044643730418061828e-01 -6.012965104868329691e-01 -1.928368251282759627e-02
-1.192126419946721583e-01 -7.786055343978692811e-01 -1.351704878971251578e-01
-5.588680305201203236e-03 -2.357186606653836336e-01 2.416830628913005374e-02
-2.181011539014605927e-02 -4.255266660010398883e-01 -8.362023049986640200e-02
-9.211543325266768889e-02 -2.264181403618537591e-01 5.910649353073176016e-02
1.792088159379379153e-01 -2.768244935679201602e-01 3.494750929386210292e-02
-7.184992992516625598e-02 -2.908137111037241707e-01 3.775402107530766854e-02
-7.632803858262876551e-02 -8.345580229230032954e-01 -1.657739873120064045e-01
-1.287919464269529080e-01 -2.231471633606765814e-01 5.255561012773680291e-02
-1.462357748259247581e-01 -5.386053723141430716e-01 -8.900824150760218434e-02
-1.037990219490437793e-01 -2.528657243161815393e-01 4.886195147938331151e-02
-4.344506244019428337e-02 -7.826096758419504029e-01 -2.158453720297834610e-01
9.672215376670188769e-02 -4.438413520413833635e-01 1.768028314824682604e-02
1.192784411621721913e-01 -7.891868826166048567e-01 -4.094576945766210951e-02
-1.558689402924232914e-01 -2.328833959557841393e-01 3.420830527148073508e-02
-1.288137513514941435e-01 -2.900361046767379603e-01 2.721810664378202654e-02
1.925575990891416067e-01 -5.459583530759695158e-01 -2.677000254041209809e-02
-1.110790240831441428e-01 -4.737882162327355928e-01 -4.842165975191167759e-02
-7.847239417201265499e-02 -5.271914311453028690e-01 -7.126196175152446632e-02
1.537806569669313839e-01 -8.020334934042205877e-01 -7.320413696894294275e-02
9.193502611674915503e-02 -4.189672951842355331e-01 3.198522336885378098e-02
-1.309158859861579982e-01 -4.368398893585591636e-01 -4.138257596666206073e-02
-7.929867012945371330e-02 -2.333731456353307643e-01 5.707147971354691735e-02
4.653413960257092585e-02 -2.403321825782607224e-01 9.130452106421492464e-02
1.479952918956041752e-01 -7.302920716427530046e-01 -4.712113060895251060e-02
1.033503847505386902e-01 -2.105975815694610398e-01 1.049320921970623988e-01
1.195489645861500666e-01 -2.230179424002570743e-01 9.806228510629896866e-02
1.502569602437678897e-01 -2.579621321047876337e-01 7.740508828679827646e-02
8.814720680534376962e-02 -7.466666541318504047e-01 -6.632666544843979217e-02
-9.839977516904452326e-02 -2.074374989672129466e-01 6.455029240658405332e-02
1.802166282661903929e-01 -2.121084908761753929e-01 5.649924514296477546e-02
1.459221643626957415e-02 -2.179825407843287710e-01 8.233793504523073681e-02
1.765015409529642199e-01 -2.419432338514480585e-01 5.532140607183400755e-02
4.059657097071417420e-02 -2.095775312063010709e-01 1.000887757834013764e-01
9.085703754021114131e-02 -7.316125397903449068e-01 -6.631778135311924838e-02
-1.249688386818607611e-01 -4.198455466809193348e-01 -2.882083360152443152e-02
-1.048386256436510122e-01 -6.201700612670705270e-01 -1.078572523807785899e-01
1.652143494799808709e-01 -2.582577357565762344e-01 6.764868418323793930e-02
-1.612984983945202067e-01 -2.368696281310773699e-01 2.645740341047021077e-02
-1.382444064268825434e-01 -2.958549105605634555e-01 1.976950399169690592e-02
1.290667153053284832e-02 -2.091821191426203874e-01 8.658193230989674749e-02
4.290726700550367978e-02 -2.235868923433841360e-01 9.657668762718582545e-02
-6.501853401621524031e-02 -5.642027026933973399e-01 -9.141845388760147517e-02
1.886075877463770367e-01 -2.228048129571678915e-01 2.116733415155739803e-02
-1.253565393422807206e-01 -8.331050754414830450e-01 -8.807309619016517876e-02
1.799105254125353826e-01 -3.497150783715868294e-01 -6.244408182224658876e-04
-2.426172749385410721e-02 -2.740528155192303306e-01 1.741271626408849235e-02
-1.014863606321955714e-01 -7.958774569932132170e-01 -1.235973592546154576e-01
1.655700607681047654e-01 -2.239049358075694829e-01 7.272696149882566796e-02
1.043663483261173391e-01 -3.238575667840744021e-01 7.537427196076512681e-02
1.733075635115844393e-01 -2.119444991754671215e-01 6.671295150520711870e-02
4.409684209766044638e-02 -3.085949051281832722e-01 5.431431182146045922e-02
-6.413649165749189113e-03 -2.151435809794377263e-01 4.009393135296596827e-02
-9.674836345189976455e-03 -3.294360982113187508e-01 -3.902283647936813371e-02
1.324562669231897361e-01 -6.415555328005579927e-01 -2.092899479354774772e-02
8.313413393865205780e-02 -5.623026991642746664e-01 -2.409055895736711417e-02
1.615879103094818303e-01 -8.928709265539059858e-01 -3.639013168715575508e-02
-1.445522954044644315e-01 -3.018516332619972653e-01 1.104251227634624188e-02
8.383210226909690310e-02 -8.188893824994247783e-01 -4.038553027187742617e-02
1.733406510930251554e-01 -4.040135171030539429e-01 2.493485295163239135e-02
5.133464463783041221e-02 -2.097421631535056341e-01 1.029787609175643603e-01
7.908267224697203279e-02 -3.648601660800457336e-01 5.504151475674587402e-02
1.016881052731423568e-01 -8.194625386439023940e-01 -3.152421236804173188e-02
-7.769580004389531336e-02 -8.106343720622591897e-01 -1.421970869993337272e-01
-1.637738520255738531e-02 -2.858357900652029326e-01 4.817946425293057749e-03
-7.713577390221447450e-02 -3.494150073766509879e-01 1.307733599552303103e-02
-3.639469592498398298e-02 -2.194776455874263565e-01 4.807555227781926122e-02
-1.683356513967381243e-02 -5.106601424203539574e-01 -1.303014914772176180e-01
3.762640266220035334e-02 -2.927608143022600862e-01 5.801250287952224721e-02
1.871129769607288718e-01 -2.123050547253139686e-01 3.946896677063661818e-02
1.497528691281075353e-01 -2.761486919341598623e-01 7.363589338246936955e-02
-8.963179954019508122e-02 -3.383964190442005915e-01 2.118292357204414403e-02
1.025758026649083304e-01 -5.842495262249143284e-01 -1.539247062528110305e-02
-7.591840461320517597e-02 -3.393110802359051159e-01 1.837929391929612327e-02
-5.998446539200760763e-02 -7.989365594072665999e-01 -1.682517166902451622e-01
-1.231139639249623566e-02 -2.924066898794512315e-01 -3.664366870189533776e-03
-1.708765886499313269e-01 -2.064158372415784148e-01 2.642978391484264444e-02
5.603288160023696396e-02 -2.340891407289732717e-01 9.601878748779152373e-02
1.194900654636379539e-01 -5.492155617551124358e-01 3.186493576104953984e-03
-1.601563968412663130e-01 -2.065153337839372993e-01 4.280132853004212090e-02
1.231385203668459577e-01 -4.577187356076382052e-01 2.305568007990878299e-02
1.731683303227807280e-01 -2.240690335748642126e-01 6.487376981845849322e-02
1.555814092925479342e-01 -5.747256793530481911e-01 -4.947901775360419308e-03
-1.183878421209080822e-01 -7.848410750240115696e-01 -1.269575077166438526e-01
-6.690128209109326429e-02 -8.149382774366641380e-01 -1.598822839522088535e-01
-5.031925801202311033e-02 -2.082596965020337698e-01 5.980712945563351757e-02
5.937957499211454770e-02 -2.442589895413228018e-01 9.279425842216822151e-02
1.441273041032988256e-01 -4.216418926068016271e-01 3.803084651411279410e-02
-8.738631282506539866e-02 -2.387913998796820370e-01 5.532301546925678243e-02
-1.524720365677903477e-01 -2.066143092599643516e-01 4.878640102068622364e-02
1.808744573146062184e-01 -4.223644983954855658e-01 1.481620916413029301e-02
-1.584655401554394549e-01 -8.151200524528431357e-01 -9.426056726216042181e-02
-1.040786227798976837e-01 -2.201586942092952082e-01 5.947727749209424930e-02
-1.383657065030919620e-01 -2.358194654005831281e-01 4.414890165945687533e-02
-7.351812649009654282e-03 -2.090484715800594029e-01 4.433758271043219956e-02
1.573291783230165719e-01 -5.128711625255467643e-01 1.204634345754479127e-02
-1.420824804833245580e-01 -3.160625625051565191e-01 4.362761344924432488e-03
1.161999143883240965e-01 -3.119305765959643484e-01 7.660752859463426656e-02
-2.176534892748694522e-02 -4.551066176671825225e-01 -1.213855020919290539e-01
5.149607629440669521e-02 -3.170052715349422900e-01 5.763748359058935844e-02
1.309591744006760594e-01 -3.251392198516612209e-01 6.878289366891231216e-02
-1.320962753976826776e-01 -2.725952297848512895e-01 3.197011428916168158e-02
5.125969623808931952e-02 -3.960090444544923094e-01 7.339576441989136696e-03
-1.173059835435722453e-01 -6.171447167007602097e-01 -1.098218750305244573e-01
-3.682870131621092391e-02 -4.008194718549897284e-01 -3.749021146427622408e-02
-1.491671553970410902e-01 -3.078870999572757006e-01 -1.576712889340275980e-05
-1.412935596664712246e-01 -2.182408615713443689e-01 4.964110234274685812e-02
9.694698249086190767e-02 -6.939469091629466568e-01 -5.252330291400331141e-02
1.590528830926881132e-01 -3.482152840732702370e-01 4.530169388907005767e-02
1.508986995526543362e-01 -8.920671081221084320e-01 -3.118766864443005271e-03
-1.451010367104800525e-01 -2.888328910351287138e-01 1.642852211530371892e-02
9.029373643108336289e-02 -8.912958023785740869e-01 4.465723387222772511e-02
9.819346344933919946e-02 -7.473572670503279003e-01 -5.522706595682873310e-02
-5.952806812308220064e-02 -6.348786012645658561e-01 -1.298806706867376426e-01
-1.497815995444013934e-02 -3.294067012356169388e-01 -2.123625317547066238e-02
-8.935795071411647972e-02 -8.309328929555018783e-01 -1.336302173709209562e-01
1.851672975472970495e-01 -2.760398928683772679e-01 8.727589274561176752e-03
1.300538887429392165e-01 -3.485994680945764257e-01 5.898699307002581993e-02
-9.674153963876411244e-02 -2.135327196551020101e-01 6.277277747826842669e-02
5.284074743405224595e-02 -2.204561561337821107e-01 1.001614803009117372e-01
-8.408584725682084760e-02 -2.188887278777603140e-01 6.179831391029345922e-02
1.186684631055748701e-01 -8.194325486410997117e-01 -3.289548513526932561e-02
-5.121691044463638764e-02 -2.203841048863251495e-01 5.537230781181231437e-02
-1.995237443326424928e-02 -4.681585789559943867e-01 -1.226633280208981325e-01
3.125196467128790734e-03 -2.732184856414038854e-01 8.008397160372514312e-03
-7.831726300225261977e-03 -2.248160512722525706e-01 3.039351348153487148e-02
-9.549595451624870446e-03 -3.224707580920841421e-01 -3.007684229329493641e-02
1.355390562184069503e-01 -2.233137166467470680e-01 9.184044365949092792e-02
-1.215084955644483850e-01 -2.070754110446626495e-01 5.995153138531952169e-02
-1.363365869745391395e-02 -3.588433666779961562e-01 -4.814223247757057345e-02
1.361275834781643934e-01 -6.035084176541352097e-01 -9.787592651622406548e-03
3.206804342474880998e-02 -2.197511718563472660e-01 9.313691510834803955e-02
-7.072758690289168704e-02 -2.726272539999617939e-01 4.363914244833149575e-02
-1.065009803940650257e-01 -3.075186508253642814e-01 3.026161807710960397e-02
8.984954468588228493e-02 -2.195585754011532831e-01 1.038668598310351077e-01
6.721224155213803564e-02 -2.221299009869497076e-01 1.017825072316282109e-01
9.629645754796449519e-02 -3.480076298937879731e-01 6.534699940801125262e-02
1.150988061485081065e-01 -4.657030395861291860e-01 1.494765887420730285e-02
1.920248592911232011e-02 -2.396571511453970404e-01 7.086541557050507478e-02
1.456861688683564471e-01 -8.699505413264226883e-01 -1.491522735929831645e-02
-1.523106001088724709e-02 -5.207637980757304774e-01 -1.259525315869207962e-01
-1.265095506478539078e-01 -3.428653157760699344e-01 4.370102118459409657e-03
-4.731758070454290810e-02 -7.645285662657251846e-01 -2.140941584103080997e-01
6.616315627533356225e-03 -2.679781524643585211e-01 1.783914981355629037e-02
1.840172816128672340e-01 -5.133966938752358988e-01 -4.965252249436218068e-03
1.564634251758973971e-01 -3.660794610665274451e-01 4.317905589534708904e-02
3.347149138057615991e-02 -2.809982306826832033e-01 6.316367346396134508e-02
6.967856977138600638e-02 -2.537259490285251884e-01 9.178249354982240260e-02
-1.963495572414476753e-02 -2.088510233806612493e-01 4.292968857040709019e-02
-1.270653961434297097e-01 -4.053033259359373197e-01 -2.195230993287052706e-02
1.016808809990744217e-01 -2.570747207590363681e-01 9.399478136498642944e-02
4.714124175261805161e-03 -2.551366227441496104e-01 2.179586003291426877e-02
-5.470567338739565355e-02 -5.992633144934692568e-01 -1.134558810990466404e-01
2.804117382439876016e-02 -2.397563309046022162e-01 8.079850223315407365e-02
2.944227936116364241e-02 -2.094128384263875264e-01 9.577258135718319521e-02
1.546843945872899972e-01 -5.649993369428231160e-01 -1.510372513134149164e-03
8.434234911549731706e-02 -6.027833166926149788e-01 -3.804052182656764147e-02
1.699393698598847258e-01 -3.089400297921611749e-01 4.428424987021227499e-02
-6.099833525062242634e-02 -8.171066270485579652e-01 -1.703796758489115881e-01
-1.418919868584214705e-01 -2.697899517915471890e-01 2.761793712248432342e-02
1.733388331648058056e-01 -4.222004070614122084e-01 2.288462725777222831e-02
-1.473805066068981928e-01 -2.378518402528815578e-01 3.833668734411619511e-02
-7.464827517033038873e-02 -6.521905289814695639e-01 -1.290002816495584015e-01
-1.546321630499208205e-02 -3.087066033502764983e-01 -8.161443997609214851e-03
1.005478483673924867e-01 -3.100421089018904341e-01 7.920079867681401042e-02
1.460881948360873706e-01 -3.488952432271313908e-01 5.291781599175168077e-02
1.752318338822210220e-01 -2.584873735748987600e-01 5.453116179176911715e-02
-1.031981161892658733e-01 -4.691020913932868464e-01 -4.670474383757916570e-02
1.533034256168679943e-01 -7.575444297681798167e-01 -6.306962464107018773e-02
-4.791105959222417138e-02 -3.904857775628873817e-01 -2.688225110744543039e-02
1.918891584448871868e-01 -4.590003471037455429e-01 -5.749171654803438003e-03
1.376553564134062047e-01 -8.604697998880642684e-01 -1.719457526108592038e-02
-3.454730146629047399e-02 -2.814007335488027395e-01 2.434680616445786261e-02
-1.306168640899545985e-01 -8.377438849192406778e-01 -8.270854521093751188e-02
-1.161578111693381959e-01 -3.640377865049478356e-01 3.354777959663969578e-03
1.072625342529120590e-01 -3.869629956989437680e-01 5.225106312709969225e-02
4.721829086016819665e-02 -2.906320344403937606e-01 6.723101089888817994e-02
1.472659572545335083e-01 -8.196258686307537067e-01 -5.822408264022591040e-02
1.834391421106921771e-01 -2.526874400276029609e-01 2.912459681326953764e-02
1.848432711773386750e-01 -2.588146604983772026e-01 1.970610512150423876e-02
1.851927595946836758e-01 -5.498355554052980487e-01 -1.857298243812834093e-02
-3.410588471438853048e-02 -8.333474016269731832e-01 -2.347075826572751767e-01
1.449328830671515744e-01 -8.782966308182509341e-01 -3.246146799801313820e-03
8.248636171969613018e-02 -4.222107868589212165e-01 2.158735770768577603e-02
-3.400002671949641647e-02 -5.471987411581620275e-01 -1.080755775869685631e-01
-7.160199215887608215e-02 -7.421254812758557584e-01 -1.542514579193271507e-01
-1.540033448375528469e-01 -2.551772323264524522e-01 2.455221293400160903e-02
-2.280524571616287730e-02 -5.328221651098082878e-01 -1.396946125931138594e-01
2.010348535359577360e-01 -5.514609539195970411e-01 -4.981636852797720338e-02
1.899726684914461727e-01 -2.124357948688063713e-01 2.217052910120696774e-02
2.975115967160962827e-02 -2.944796360620374198e-01 4.665935983251185554e-02
-8.910126651535142661e-02 -4.386844856174774154e-01 -3.606091343515592518e-02
-4.542780152423781664e-02 -3.459648472109932982e-01 1.574096864826110553e-04
-1.167111263029374235e-01 -6.888621772318799241e-01 -1.537489338913063108e-01
7.481652993831265641e-02 -8.915897364176404993e-01 4.456892249836336140e-02
-1.111840588733536139e-01 -2.567971737501877905e-01 4.570653492804422485e-02
-1.948274116275231296e-02 -5.105945698129782384e-01 -1.258253631324109667e-01
9.894013468959340918e-02 -2.442216834075186527e-01 9.733963536482029277e-02
1.910602340872605276e-01 -4.408136274557176160e-01 -6.542141424682956785e-03
-1.015193959810105073e-01 -2.653757894046838151e-01 4.510600557255263487e-02
-2.036993837181492670e-02 -2.219087987236682546e-01 3.587027165688681796e-02
-1.611510895329069659e-01 -2.551109123217777386e-01 1.363227309277275159e-02
-4.869385842638290079e-02 -7.448012737439138053e-01 -2.115114848718593898e-01
-1.413097654559627991e-01 -4.732465686832639795e-01 -6.029180480476563353e-02
-5.734999987154063006e-02 -4.550833136487368868e-01 -5.290945289030563048e-02
1.943981751065225194e-01 -6.047701718986870922e-01 -7.069933754356280686e-02
1.411657676309963083e-03 -2.598291477294709106e-01 1.447774945405258529e-02
2.324357503143102688e-02 -2.237200860880420861e-01 8.573463867729448629e-02
1.487223840715881651e-01 -6.947371550254233252e-01 -3.784971673210066334e-02
7.888767238487626177e-02 -3.983604665830812186e-01 3.395008250642673336e-02
-1.192724230130640523e-01 -7.916591811662739842e-01 -1.199228748811055345e-01
1.018778710326937592e-01 -4.578230031498795594e-01 1.187128570544859416e-02
9.300276354482904517e-02 -6.560593915159591560e-01 -4.726004039043571470e-02
-1.082402981665184366e-01 -2.902214310790958707e-01 3.510387775684529338e-02
-3.386655457836384303e-02 -3.858969023036145640e-01 -3.199227184241752731e-02
9.574977054949927735e-02 -8.595322602057902106e-01 8.887148296558611965e-03
1.737901335261264890e-01 -4.953222246786384009e-01 8.314995065131478708e-03
1.753313471597754691e-02 -2.578763302827613568e-01 5.633678099407265355e-02
-5.433651575970015885e-02 -2.729230891872817533e-01 3.879080882569308636e-02
1.865194699405641754e-01 -2.649419570091027243e-01 1.121875059835539951e-02
-1.762336632618718979e-01 -8.408982248442292695e-01 -5.644561975315655344e-02
-6.041262584075102887e-02 -3.487714030696204559e-01 7.082373028800634934e-03
1.701359814323854525e-01 -6.233568413257719598e-01 -2.986132758524399911e-02
-1.595659039011984581e-01 -2.631936590479108107e-01 1.814908548135438920e-02
-1.160922437598805104e-02 -3.136272072656164922e-01 -1.808465684296284987e-02
9.441950980797982063e-02 -3.164121114598656970e-01 7.736408048224449607e-02
-1.272555383058342482e-01 -4.550744847509731739e-01 -4.571568954208671265e-02
-1.210381910713405756e-01 -2.708105614671438288e-01 3.747801275594347253e-02
-6.762498978478033440e-02 -2.200882668730091696e-01 6.016243199954018905e-02
1.626559503724808176e-01 -3.679672882276031065e-01 3.856342778721218167e-02
1.332460087321736264e-01 -2.940394818709745062e-01 7.604380822331921475e-02
1.818391101488910366e-01 -2.437170088213741759e-01 4.090274113979776305e-02
-1.045003902819610087e-01 -2.376825035931368346e-01 5.380832666856387447e-02
9.322114913543801118e-02 -7.655964399911751039e-01 -5.527870385931124564e-02
-8.793172783403066517e-02 -2.719999041145680363e-01 4.461513724089031380e-02
1.149046021494845166e-01 -7.285307810196226530e-01 -4.232908216036140869e-02
-8.423470446173587922e-02 -2.076678327605994412e-01 6.562619044548798075e-02
1.025043936457239041e-01 -8.730455808321163635e-01 2.573913609896769095e-02
1.168925585349290391e-01 -8.016762647749423598e-01 -3.804650354357498598e-02
-1.030602846382406290e-01 -8.044382661078520735e-01 -1.173119467262687954e-01
-3.067063819632514371e-02 -2.673205994199963076e-01 2.566151661237211709e-02
1.309833535690779760e-01 -7.651677133461046720e-01 -4.556218184101144819e-02
-5.160841999818361475e-02 -7.809789204614038249e-01 -1.849449273594131471e-01
-1.197741584285423946e-02 -2.712947656605493862e-01 6.932127498717369218e-03
6.629563156906216614e-02 -2.915848012497556652e-01 7.504727870816726987e-02
4.237244783389296221e-02 -2.745984029740877741e-01 7.417388497641397294e-02
1.008371357977403265e-01 -2.752612241532035875e-01 8.906314270207173200e-02
-5.139169473368865315e-02 -5.826847213767510913e-01 -1.077709990983043153e-01
3.952671269516208619e-02 -3.281495116723945338e-01 3.862402163380658504e-02
-1.189981048969446231e-01 -3.993402766128124060e-01 -1.397808108411051353e-02
1.176413094102609219e-01 -2.755571280727191485e-01 8.562860572378058754e-02
1.338590496920881168e-01 -2.758529401441573992e-01 8.018587680058178457e-02
1.397626951111591853e-01 -5.307615839411417014e-01 1.082933967265214611e-02
1.819977326737177714e-01 -5.254878101903655008e-01 -6.468283027918526884e-03
-6.616501944664025803e-02 -3.820417870324430143e-01 -1.395541419918722853e-02
1.163838958716230249e-01 -3.258655322281930333e-01 7.266310995816444018e-02
1.030312537271848988e-01 -4.759888772401337231e-01 8.322739093547276701e-03
1.095271354534954472e-01 -6.585671580491435639e-01 -3.159779031014947615e-02
7.389308925771818914e-02 -5.844642235911406969e-01 -4.466939606402361984e-02
1.723622105138983285e-01 -2.985318464132318272e-01 -2.296168040339984645e-02
8.728595133159978980e-02 -4.033289091940102655e-01 3.776715184956760951e-02
8.371588167361405930e-02 -2.567786189930635898e-01 9.345750202095472192e-02
1.830572301098094545e-01 -2.765707176151941948e-01 1.701206131839650901e-02
-9.894449145592709716e-02 -4.300460407929645457e-01 -3.001334846380782073e-02
-1.424785991790570860e-01 -3.808889113382408209e-01 -3.812077203815572579e-02
8.075901932123955018e-02 -3.108226139443797664e-01 7.490983950110305378e-02
6.346913350205773963e-02 -2.742484737458833477e-01 8.204562015907648775e-02
1.364210754424999839e-01 -4.769312209178234174e-01 2.168662185632970474e-02
-1.580451982557661283e-01 -2.733632043391334698e-01 8.675259338046525937e-03
1.862220601632427752e-01 -2.426811939355942027e-01 1.947048031346762520e-02
-2.292827107006199447e-02 -3.122275994171777591e-01 4.872138492970287671e-04
-1.540506403829689508e-01 -2.908204164064281949e-01 4.141210000373769795e-03
-9.695266493648313499e-02 -2.802830466171283841e-01 4.100930622505988971e-02
1.050353385859966043e-01 -7.283988652681323561e-01 -4.901817028274391141e-02
-1.512064720366905757e-01 -2.721437211769064390e-01 1.868115268325562864e-02
7.045393000096236702e-02 -3.172689845066134495e-01 6.834153150597759019e-02
5.554424112233478927e-02 -2.826532855278138801e-01 7.535291765317851664e-02
2.216581290559570955e-02 -2.754773998332405993e-01 5.216302813156878382e-02
-6.976717291005833654e-02 -4.184146606954072811e-01 -3.037152065592622907e-02
-1.303407731347876186e-01 -8.540076528417851476e-01 -1.038963978433755653e-01
-9.355570163837795272e-02 -2.917377043398118319e-01 3.781242532925334354e-02
-5.440032484517319522e-02 -6.616239430108848962e-01 -1.540127377704790246e-01
1.842635117565286640e-01 -2.425831700799838397e-01 3.308157050692945439e-02
-5.090868226877762193e-02 -6.901755342042253938e-01 -1.994168514230182931e-01
1.651058767348767553e-01 -5.608810714153824595e-01 -5.085346118879847943e-03
1.656296527427889576e-01 -2.117803881753911044e-01 7.429357637073454035e-02
1.148022279972679277e-01 -4.758066263732463885e-01 1.279710347710440871e-02
-1.445361949712387351e-01 -8.550447980521572733e-01 -8.867627581536983994e-02
-4.932052117894018817e-02 -6.554608506096949450e-01 -1.615039368754981886e-01
7.754452067637669643e-02 -5.683207167208249588e-01 -3.487118137556713404e-02
-8.439025319297516203e-02 -2.890265272821386233e-01 3.940670681410781556e-02
1.130208194352698564e-01 -7.466845425631547517e-01 -4.404821360556157583e-02
-9.836920832052525876e-02 -3.814502076249124407e-01 -2.279686758794849388e-03
8.186867200000755296e-02 -2.246790471282154589e-01 1.023449531052447181e-01
-3.853633032443012224e-02 -2.934586737443413140e-01 2.287584267373271585e-02
1.183754132015181898e-01 -2.573706064610897237e-01 9.018500387523922801e-02
7.311633350763190042e-02 -5.480256749845616726e-01 -2.969709299701014937e-02
1.278873462849617892e-01 -6.246107082712940572e-01 -1.667270199327484936e-02
1.407495494904713595e-01 -8.546470246229669332e-01 -2.760896020602090356e-02
-3.925291319765790432e-02 -2.727881198751767045e-01 3.058360060725115806e-02
1.696670879066689008e-01 -4.751876290912579459e-01 1.620791217099205525e-02
-4.346294331146909051e-03 -2.891455613811931835e-01 -1.190726486523318445e-02
5.770804648758011413e-02 -2.936171304578973351e-01 7.069579860685923367e-02
2.052202786808060009e-01 -4.998083969310243013e-01 -4.592998929940918240e-02
-1.264292362143987491e-01 -5.429104667380534321e-01 -7.585035610316542831e-02
1.351826492419295200e-01 -7.248182636423654568e-01 -4.019181680596721484e-02
1.058883083547955267e-01 -4.392361690738645352e-01 2.700901840347633143e-02
6.257461057061991516e-02 -2.577352857630416660e-01 8.867688519769816036e-02
7.839266938926213457e-02 -2.935160555657612136e-01 7.923145107491921801e-02
-5.532722611567254811e-02 -4.377723837444508215e-01 -4.597493189208705366e-02
-8.180398841744573879e-02 -7.903612849026849796e-01 -1.404432600399735942e-01
9.985091039494155274e-02 -2.934477038735811560e-01 8.364387492500671706e-02
-1.305698621363686751e-01 -5.084592021230249781e-01 -6.584562707912353097e-02
-6.884868425055612473e-02 -3.956567129000848060e-01 -1.959424723235027310e-02
-1.072032940880928709e-01 -8.355636561315966659e-01 -1.083661887163454574e-01
1.713103334864328753e-01 -3.011824215317564502e-01 -1.783597503573058907e-02
7.807062855851523708e-02 -2.101699995531102760e-01 1.064460567265792384e-01
-1.295878608913440810e-01 -3.615765874977914796e-01 -9.428411914747747424e-03
1.492258698945697626e-01 -2.943352479572351466e-01 6.978829695208560446e-02
-9.586748022113733558e-02 -6.608028477042999782e-01 -1.266364832239978699e-01
-3.698306293361280223e-02 -3.777375685807187189e-01 -2.594885913930174148e-02
-1.511209372060318690e-01 -3.260990402325230075e-01 -1.416349327634312122e-02
1.660795209732487399e-01 -2.954850211755827849e-01 5.695007937297086320e-02
1.292387168106546858e-01 -3.988431402825601269e-01 4.764957335586004344e-02
4.897300942567260618e-02 -3.485171274734217284e-01 3.579067872840664688e-02
1.294206433046228844e-01 -3.667859139616395647e-01 5.477578639118214909e-02
-1.366454684301897649e-01 -3.089219053284778527e-01 1.474764696751756921e-02
-1.253319902527241236e-01 -3.070955688182631649e-01 2.299088084436969048e-02
-1.453504359481853914e-02 -3.669263786011336403e-01 -5.213562034484002516e-02
1.163740239829504503e-01 -5.135493104536196229e-01 9.422817894015746848e-03
-1.148619718038141474e-01 -3.100604216878209418e-01 2.664932733254760100e-02
-7.915320258920902075e-02 -3.635595653229130031e-01 4.583090576605403782e-03
8.795337881201284458e-02 -2.103344726740649651e-01 1.064122282185056279e-01
1.169289334948831888e-01 -5.303995384741583274e-01 7.172278623094236610e-03
1.144067362162047435e-01 -4.346311314933104519e-01 3.411960638132535695e-02
-9.057303072204231364e-02 -3.087045278069945886e-01 3.257816804804153366e-02
1.357569144429784380e-01 -2.111891953112882969e-01 9.394871435753615607e-02
1.719208728752438797e-01 -6.983747115740355227e-01 -8.407340582078352831e-02
6.091807450977916594e-02 -4.231280706416073456e-01 1.249055361798458164e-03
-1.114559863067938195e-01 -8.142743096864079044e-01 -1.058647595775004946e-01
6.954227654862199515e-02 -4.569607799991363128e-01 -4.620117034034011694e-03
-2.089634462977713741e-02 -4.944280732188429672e-01 -1.288464201759830230e-01
-2.944728975961577802e-02 -3.085712465984800090e-01 9.138490334613707383e-03
-1.853716378779815196e-02 -4.000789661302688871e-01 -7.226576012342801614e-02
-9.109811110849037885e-02 -6.730259150521844536e-01 -1.319911212648292587e-01
6.006832574654510926e-02 -3.103791569339939826e-01 6.515836142217108773e-02
1.935546074455475329e-01 -5.676695085109365602e-01 -3.836872913239351701e-02
1.471936470736548985e-01 -3.107928182607474499e-01 6.668304030973806751e-02
1.732080911366058462e-01 -4.403872755983940235e-01 2.039316731508370242e-02
-3.672069231414043511e-02 -2.392769172920811427e-01 4.059395461422181384e-02
6.792109034045513971e-02 -2.100054612319997294e-01 1.055711608263445178e-01
-7.950618506621670578e-02 -5.457205343118758378e-01 -7.801059343097518917e-02
-7.468975641715594471e-02 -4.729742668912632064e-01 -5.335072293632925344e-02
-4.376734025404315637e-02 -4.735656333336878965e-01 -6.941323475173485913e-02
-5.010213287565358498e-02 -7.265492637318650138e-01 -2.007444763126964848e-01
-3.320190249385535086e-02 -4.729246762466495779e-01 -7.959226558868175150e-02
-6.577608025148716508e-02 -8.296624999307269377e-01 -1.729139718384134217e-01
-2.801622451087091431e-02 -4.745892545966857723e-01 -8.781537046060024221e-02
-2.382947729941716636e-02 -4.740248997852900548e-01 -9.598206291674538093e-02
-8.455028970419084522e-02 -4.059943347214963749e-01 -1.865738129386639022e-02
-1.093670781374005974e-01 -6.556134184967337131e-01 -1.280015819368053309e-01
-2.119723567530792940e-02 -4.741230440886745612e-01 -1.072892519237844400e-01
1.520991852636779385e-01 -6.219906484035936378e-01 -1.811687647978212079e-02
9.272304160528758998e-02 -4.734564963384574332e-01 5.176897814194683645e-03
1.771037998428508509e-01 -4.778641411832043051e-01 1.033746198487997883e-02
1.462839755557192034e-01 -4.754724906727674227e-01 2.311805685056505383e-02
1.141915823619054776e-01 -7.098677224838231270e-01 -4.058927096848578830e-02
7.438131728794809827e-02 -5.124812353808251286e-01 -1.363840994028184955e-02
1.403852535404193635e-01 -4.947195894950636164e-01 1.813874350323014736e-02
1.957430057834352866e-01 -4.772856464981836688e-01 -1.491954512086660078e-02
1.994074627185140058e-01 -4.774165285571463357e-01 -2.946543108764969332e-02
-5.727547518024152934e-02 -4.770558048163533460e-01 -6.189232067267864956e-02
1.832409337677557426e-01 -6.544248403260727320e-01 -7.535928941938553616e-02
1.473547436198688887e-01 -7.103118920256137336e-01 -4.138028074748283103e-02
1.361480851427607219e-01 -7.997878433503942119e-01 -4.900544231321270205e-02
-1.037825220154857120e-01 -3.226519046283233827e-01 2.641156576739523559e-02
7.389042042395400911e-02 -4.812759825154007132e-01 -6.010468935670809643e-03
-1.346723287870902341e-01 -4.780496230481468545e-01 -5.616255217741578099e-02
1.214857935422622298e-01 -8.380402768757836407e-01 -2.427592864610030737e-02
-9.738722568255941958e-02 -4.786420599992348146e-01 -5.045195551980626025e-02
2.022476761934163259e-01 -4.835770947802365272e-01 -4.074393770055577402e-02
-4.845068305879732251e-02 -5.463119228671713401e-01 -9.361762770144435586e-02
1.230507882137677061e-01 -6.000645990906940952e-01 -1.084047326796136468e-02
-4.007965104700959846e-02 -4.149294907391684051e-01 -4.291334400690341444e-02
1.660830775170987761e-01 -3.351439077867242600e-01 4.167667285241403313e-02
-1.331527413150678241e-01 -4.918297122993345871e-01 -6.063356512327672254e-02
-1.098598757691484906e-01 -4.905687457636475624e-01 -5.386966323008567092e-02
-3.130394374906653177e-02 -4.333480738752859551e-01 -6.284623490350350894e-02
-1.075347177037346003e-01 -7.058118250039309149e-01 -1.468094350197992337e-01
-9.246320417827658122e-02 -4.908647530991583907e-01 -5.527744816105897852e-02
1.448414755741312954e-01 -7.830582954539299090e-01 -5.815770790450330852e-02
-5.999449183292744625e-02 -4.914563772661194041e-01 -6.604802933700355816e-02
-1.688914718235451917e-01 -8.521603254550940143e-01 -6.304035329642949936e-02
-2.604452417134743569e-03 -2.948421971331288138e-01 -2.060646655068078953e-02
1.315892751360391300e-01 -7.830420564840153697e-01 -4.692218961187932802e-02
-3.516940955535300534e-02 -4.858867338253622381e-01 -8.198036981709301563e-02
1.948163017681027731e-01 -4.429649150541254965e-01 -2.100332067148216741e-02
1.192935613278312684e-01 -5.668387907924263835e-01 -2.367390179364922687e-03
-3.076214636505716221e-02 -4.927318942111367228e-01 -9.022798894295339101e-02
3.668176808718366655e-02 -3.141346130067819709e-01 4.335334544096056814e-02
-2.446223758313849361e-02 -4.922113457329640451e-01 -1.001916091859113567e-01
6.921341644301153007e-02 -4.933342283701961373e-01 -9.833595825598381857e-03
7.348224077808844512e-02 -4.934000868001811035e-01 -8.770058856928074353e-03
-4.336514362035660125e-02 -6.200154587459772992e-01 -1.431547891593649424e-01
8.367819229731723873e-02 -4.935320512417709637e-01 -9.617402438661729058e-04
-4.168666610546975515e-02 -6.194506890056884485e-01 -1.599062506330535816e-01
1.034282994319505461e-01 -4.934357862911621928e-01 7.341652874889768865e-03
1.239244136382361833e-01 -4.941249690779699888e-01 1.488540073376677653e-02
8.027102462830215668e-02 -5.487727815811611620e-01 -2.033500455932581857e-02
1.183662058899011688e-01 -2.405199135986354486e-01 9.430333872618484881e-02
-3.365438244164203896e-02 -5.852293831731546492e-01 -1.556409222207246479e-01
-1.319470230359140461e-01 -6.056181307032205696e-01 -1.153212760277261550e-01
1.369270764938931295e-01 -6.209657243805510873e-01 -1.493550525069425178e-02
-8.998710320212538472e-02 -4.544916615027814744e-01 -4.271517878100791754e-02
-1.064661790392375101e-01 -6.717687259757442186e-01 -1.336857122231114026e-01
-4.258919952356394339e-02 -2.879828054372902124e-01 2.766961160901420733e-02
1.671577528649239586e-01 -4.867657330870623356e-01 1.477866783456594987e-02
-7.591765496048560879e-02 -4.911606139537739724e-01 -5.959709073821727043e-02
1.861244203320580048e-01 -4.952426275336740957e-01 -2.481093141533927127e-03
-1.011205236823383008e-01 -5.999841936918313134e-01 -9.717052624560029717e-02
-3.730772066231800854e-02 -5.840176354951952531e-01 -1.262735562853143645e-01
-5.546063400674285798e-02 -2.911095459960817422e-01 3.289961186271217475e-02
1.743873794745724459e-01 -6.082727785366737194e-01 -2.827952962379286228e-02
1.918663219494735062e-01 -4.953738463221407096e-01 -9.915304777177634532e-03
7.015369134585869304e-02 -5.054587417127243132e-01 -7.978209576301555084e-03
1.673929136779654936e-01 -6.035309458681774597e-01 -2.092090705563462438e-02
-1.308335336976810814e-01 -8.030082018128851251e-01 -1.049281464096541161e-01
1.963312824467594586e-01 -4.951517157979800632e-01 -1.829827078257226236e-02
-1.463137066403557562e-01 -4.932878070214034016e-01 -7.335343418956663530e-02
8.817432640964743829e-02 -7.812336736919798241e-01 -5.464975087425252842e-02
9.286871231295019957e-02 -4.956845753870676718e-01 3.177260370832608871e-03
2.021750461549011169e-01 -4.977219758644057523e-01 -4.258223771505878497e-02
-4.187193505760797990e-02 -8.312468534872937687e-01 -2.097236632626917341e-01
1.208753481921779199e-01 -5.845131191309430596e-01 -6.939217548506522448e-03
-1.868500763735263248e-02 -4.965146949682100463e-01 -1.350481753882449287e-01
-1.438703347720892700e-01 -5.487740405569200286e-01 -9.559093119608372269e-02
-1.204301798038715787e-01 -4.472407481987550337e-01 -4.005485715018262949e-02
-1.449455190120287895e-01 -5.069250803667357808e-01 -7.652008971035401119e-02
1.503340209777585534e-01 -8.610366250810806976e-01 -3.523138941073955532e-02
1.688512596712665736e-01 -2.778790709695844741e-01 5.984248875443348714e-02
-1.230820914446467962e-01 -5.024954919272742737e-01 -5.985271772245784327e-02
8.610361201742025572e-02 -6.196663421747420353e-01 -4.293377248948941627e-02
-1.105443377475939098e-01 -5.084434290792014810e-01 -5.964589574055463583e-02
-9.350660580436637170e-02 -5.090515624959174312e-01 -6.089243591973698966e-02
-6.113825518484029831e-02 -5.096431699872816523e-01 -7.200649849839303729e-02
1.680506651686298203e-01 -7.107650378100598410e-01 -8.404816165077738654e-02
1.275370069746199486e-01 -4.065162395640212201e-01 4.611995145467610163e-02
-4.894919106429494737e-02 -5.088681894129245542e-01 -7.870690791147863519e-02
-4.165577797027790463e-02 -5.115446777882387552e-01 -8.506780832998030173e-02
-4.603551359090577583e-02 -6.172336772569109176e-01 -1.339310326825727537e-01
-3.203680331079842430e-02 -5.102342346983329557e-01 -9.430131352584683602e-02
-2.265187925968910332e-02 -5.104637672583292041e-01 -1.095836998053397182e-01
-6.084073922108994975e-02 -7.803831960738882856e-01 -1.671064730892573014e-01
9.377395547266671738e-02 -5.132198764620706788e-01 -2.071601874231304707e-04
1.046478694837416484e-01 -5.114522469018513151e-01 4.978743588164812744e-03
7.796787384077952243e-02 -5.845083334406333542e-01 -3.975454484787717402e-02
1.245751687712343819e-01 -5.115168004084692521e-01 1.245035043144455608e-02
1.728696415640692541e-01 -5.131668548582419831e-01 4.287176707886267146e-03
1.022547248015802518e-01 -7.679271135564894601e-01 -4.673401154138862035e-02
2.009141428474671698e-01 -5.132658622030178419e-01 -3.387611615555245759e-02
2.012932170022685430e-01 -5.159740986499307125e-01 -6.118701769083639830e-02
-1.196387063502833692e-01 -5.146859711626027289e-01 -6.297688002529783224e-02
1.601108976314877808e-01 -4.219376667675051040e-01 3.178655907440799955e-02
-1.285136974602612003e-01 -5.256844485154710256e-01 -7.089675733356817777e-02
1.661878899020059475e-01 -6.404731131167447078e-01 -3.288860933571256806e-02
-9.463976070685087283e-02 -5.272378327978723966e-01 -6.681453944880259843e-02
1.894452157386269375e-01 -4.212685277196917544e-01 -7.616901114005293627e-03
-6.294840917096902744e-02 -5.241083109750555025e-01 -7.644323905462317714e-02
-5.323198996499421687e-02 -5.199107124517277079e-01 -7.994196267521228028e-02
-4.770435473647341440e-02 -6.359501557884004175e-01 -1.468231751768557802e-01
1.510262694100655279e-01 -3.904353148651429350e-01 4.146040247971070208e-02
1.675653829747004164e-01 -7.295817221142357756e-01 -7.880020283011107685e-02
-4.692725832343630499e-02 -5.284673617928896672e-01 -8.752625808551786624e-02
1.157310036589635632e-01 -3.825664220116332670e-01 5.352797568941009693e-02
-1.088400647267784849e-01 -3.583290670346467865e-01 9.604448422370202854e-03
1.161034519560373707e-01 -6.213984381736087359e-01 -1.941728600710787567e-02
1.865495785540751128e-01 -4.770561470918915359e-01 1.017948731905832238e-03
-4.553616800110497215e-02 -6.392854031389050284e-01 -1.579074834290281892e-01
-1.136660656323881108e-01 -5.451286299565050175e-01 -7.302809212065210220e-02
-3.444654559820946316e-02 -5.269443747503638198e-01 -9.765848929922935073e-02
-3.483244380932268985e-02 -2.085553873128487834e-01 5.186281537378678586e-02
-2.412147284690036378e-02 -5.276233198308875050e-01 -1.131574198482063753e-01
7.580080357649594813e-02 -5.307617606823891165e-01 -1.648696184715587459e-02
8.546082248742185861e-02 -5.282202364939985184e-01 -8.428838422755796644e-03
1.908125609142483636e-01 -6.049670268413138707e-01 -5.404024716294519859e-02
1.056650814416975753e-01 -5.302348246948761501e-01 2.481702017040406105e-03
1.567167742492353577e-01 -5.310575193528255245e-01 7.906475373707751858e-03
1.615750102820440182e-01 -7.470069673816712719e-01 -8.320961155035482004e-02
-1.723230946651201911e-01 -8.470263941538936914e-01 -5.728775093125124118e-02
1.246933189734923536e-01 -7.892854810069043214e-01 -4.272785135916885857e-02
1.921052707811289340e-01 -4.771873349407476650e-01 -7.053552289457046265e-03
1.721307356348854012e-01 -5.313531906666122406e-01 -2.856356520973199475e-04
1.923372490432524451e-01 -4.287539365454381413e-01 -1.435166884175664848e-02
1.866367450863047339e-01 -5.323332416862563976e-01 -1.391985789242870808e-02
-5.846527886630285831e-02 -3.274825806065069789e-01 1.852843235507106376e-02
1.582398112129666523e-01 -4.981115783136420561e-01 1.525989318676533590e-02
1.708400598794370673e-01 -5.686600509034633877e-01 -1.197231482725913398e-02
1.988399763401959008e-01 -5.329705811483780309e-01 -3.426741400690717920e-02
2.023603686937979207e-01 -5.320747269548367075e-01 -4.580884676391458465e-02
2.032033612589689286e-01 -5.306651431225435367e-01 -6.476037062668012212e-02
-2.988606250119149946e-02 -5.318650035500229745e-01 -1.051637722137220565e-01
-6.141585518102018332e-02 -5.334111385348254686e-01 -8.070405003553611512e-02
2.027274003984992912e-01 -5.382022376201588409e-01 -5.877678791608433040e-02
-7.162241706591501722e-02 -5.357479930181425765e-01 -7.698161303078224216e-02
-9.596625004436563910e-02 -5.454246876608891403e-01 -7.339838666860414029e-02
-6.362117802440775405e-02 -5.460162912843989913e-01 -8.459211872252346553e-02
-2.514615431277845981e-02 -5.483768163768159010e-01 -1.274576152657964645e-01
8.595498501580611794e-02 -5.420962040748038557e-01 -1.216534403597700070e-02
9.597255529865915402e-02 -5.487663145249683794e-01 -7.783566893531421171e-03
1.508201847209418300e-01 -7.867987965364876546e-01 -1.073448084420665083e-01
7.019435664067726066e-02 -8.688689014088056828e-01 1.899837670778206991e-02
1.074711072063938705e-01 -5.475934741275397810e-01 -1.023541473999675655e-03
1.390170804881593059e-01 -5.489485353193631623e-01 6.233497941047931590e-03
-1.447427915299668300e-01 -3.626530422040943891e-01 -3.366877268914528210e-02
1.963761960523096595e-01 -5.502609390744053197e-01 -3.605251481708708627e-02
-1.456239676669651151e-01 -5.426467310558924506e-01 -8.736856406083910731e-02
-1.466700584889214509e-01 -5.548354609994368136e-01 -1.058540898376089390e-01
-3.902879261372726311e-02 -4.999663466357425756e-01 -8.323587935116534553e-02
-1.125156145816016695e-01 -5.616933626607560903e-01 -7.971064423332310800e-02
1.817465145214154365e-01 -3.674781581156383314e-01 7.723395615595308322e-03
-1.367120849160095575e-01 -8.255204155304337599e-01 -8.189220472497393821e-02
3.005226502548639933e-02 -2.547626659115379000e-01 7.516560875267419561e-02
-9.750094536312914340e-02 -5.636110762502795080e-01 -8.069475664310210572e-02
-8.094285798640439566e-02 -5.639069391881721405e-01 -8.497148819633494610e-02
-4.654008439772648609e-02 -5.669270965183186295e-01 -1.040602136852826487e-01
-2.904585764314189522e-02 -5.634665434302059683e-01 -1.289629147876805715e-01
-2.722466077767218828e-02 -5.656563590987048196e-01 -1.430399832319940168e-01
8.912285539780055721e-02 -5.677685181584330998e-01 -2.000007800556011239e-02
1.402343778894075688e-01 -5.125752037323241250e-01 1.448759838215222737e-02
1.005370133863786736e-01 -5.668071075758985833e-01 -1.121662158037438350e-02
1.828996726413291696e-01 -5.669158144878584382e-01 -2.247526311351729505e-02
1.988025345867153182e-01 -5.691412389021295315e-01 -5.353587081813065973e-02
-3.200796237648120823e-02 -5.829017512539840240e-01 -1.458777495500082899e-01
2.023488778743402494e-01 -5.634777947182022517e-01 -6.629682397375137592e-02
1.776043727738728650e-01 -3.495844138018751046e-01 1.857185716433109798e-02
8.208042259938687357e-02 -8.007384011227053344e-01 -5.178656683393033366e-02
1.876801753285705643e-01 -5.713406849426592160e-01 -3.007295655134574475e-02
-3.345049411455090771e-02 -5.699276616661924644e-01 -1.227686468341681325e-01
-1.190362478264731377e-01 -6.483159784307307438e-01 -1.300752741844050375e-01
-7.598733283069494804e-02 -7.622347494568351145e-01 -1.512152478697667835e-01
-2.952449448892922532e-02 -5.731714471951550038e-01 -1.536902960708460275e-01
-1.408438636367281005e-01 -5.818886871203047262e-01 -1.115172311623448542e-01
1.586547322384977421e-01 -4.764978489258626659e-01 2.067094469520695116e-02
-1.306748152333681856e-01 -5.752417914003552513e-01 -9.401433109593296256e-02
-2.018477786913174324e-02 -2.978937654410798719e-01 3.967581093689220850e-03
-1.170783221455277551e-01 -5.811891336113975681e-01 -9.018395657974533075e-02
-9.794062600575068056e-02 -5.774816772047343116e-01 -8.665901782968764289e-02
-8.311885889806891470e-02 -5.790459947542803132e-01 -9.073623738297487140e-02
1.855563574522636761e-01 -6.410298734821826550e-01 -8.172302669945759324e-02
1.482902721805030022e-01 -9.054777223379039119e-01 -4.033101475881040177e-03
-6.870514454067214172e-02 -5.772883088854885436e-01 -9.535393707407194275e-02
-3.194841361430898752e-02 -5.770820200206876471e-01 -1.353512126046533537e-01
9.007475316099620988e-02 -5.853141583643876045e-01 -2.548192612580522237e-02
-4.136968025597635712e-02 -3.095920493093334280e-01 1.813403595208785274e-02
-1.022492461330400670e-01 -6.499047000604377677e-01 -1.224368193410259320e-01
1.714860967452870311e-01 -3.312335722223842538e-01 3.353569026802399877e-02
-1.343942202878780634e-01 -5.914071884459424222e-01 -1.085606302360113962e-01
-6.674236193957673591e-02 -7.987725971411804293e-01 -1.575215447628278143e-01
1.662892925985943737e-01 -7.235191311074363751e-01 -8.248619428159385814e-02
1.123325215797287419e-01 -5.861519373865017313e-01 -1.076399913317938051e-02
1.371170914907742788e-01 -5.853215068000058308e-01 -4.357041842545809895e-03
1.953504500233339547e-01 -5.136591151201224115e-01 -2.035102156410177610e-02
1.539903500480154230e-01 -5.856174287829507552e-01 -7.556509261310122294e-03
-1.865801563677775207e-02 -3.862468883384449492e-01 -5.217517886742105426e-02
-1.070511552990313781e-01 -7.647016894711149426e-01 -1.416205832569233380e-01
1.691563877325197862e-01 -5.859130589029892811e-01 -1.659712284061935772e-02
1.792844469708193555e-01 -5.849107870314986801e-01 -2.513992092265059097e-02
1.254558132988312091e-01 -8.296350195877087996e-01 -3.111766341365355959e-02
-9.090078197401142701e-02 -4.722808309082315303e-01 -4.919510268563552502e-02
1.847174652310999421e-01 -5.867983204078844883e-01 -3.235210431608012693e-02
1.979346078267242293e-01 -5.866343540317762173e-01 -6.708769931949398746e-02
-5.793110635407859588e-02 -3.011806953873463200e-01 3.008106167697859393e-02
-1.001626972770555679e-01 -5.851541359412771870e-01 -8.996967386817106282e-02
-8.151840030129162140e-02 -5.866642960431900367e-01 -9.457489359249110494e-02
1.457826084292436764e-01 -7.654632907230850547e-01 -5.585979044116851089e-02
1.630251427118773466e-01 -2.758293935937778940e-01 6.591626642827894123e-02
-2.609937188747159242e-02 -2.913747547351722145e-01 1.295567163091335128e-02
-1.435995618466741619e-01 -8.039757687530347807e-01 -1.052988044567410575e-01
-3.699466232217765022e-02 -5.635102018278097535e-01 -1.130269345430323369e-01
-1.276765997066535707e-01 -5.874312099733058901e-01 -9.866194605781758442e-02
-7.503933227593742594e-02 -6.733217008977495643e-01 -1.379779240369415072e-01
-1.375051122415305860e-01 -5.987942404751314118e-01 -1.155259337073399062e-01
-4.545112097883640540e-02 -4.531370766083215873e-01 -5.934339636718621858e-02
1.394154845016312150e-01 -8.137970027671842521e-01 -4.924197065432005249e-02
-1.228993080272005878e-01 -6.010982422122284063e-01 -1.041510773279967772e-01
-3.923966703043396675e-02 -4.578075538065561334e-01 -6.681105773979503781e-02
-1.140793678294008268e-01 -5.961759726109564506e-01 -9.672306640864747340e-02
-8.415583441422447297e-02 -6.002801241886378536e-01 -1.000556895804299018e-01
-6.812527922971184369e-02 -6.005759053447042861e-01 -1.061390859308113388e-01
-4.182937664435257968e-02 -6.001911797197214682e-01 -1.290755348706505712e-01
-3.841404908664985268e-02 -6.029782467692836878e-01 -1.429872857988617463e-01
-3.592906420361863945e-02 -5.993097526371145012e-01 -1.514729512898385089e-01
7.708557328539838993e-02 -5.966220866282740953e-01 -4.187914696194264264e-02
9.838653285159083828e-02 -6.219627711728331620e-01 -3.003040641464851945e-02
1.530694243710563618e-01 -6.038043510323741758e-01 -1.275234153941874615e-02
-1.079326278147654805e-01 -2.732101494498651584e-01 4.085558720654946380e-02
-7.477720323084023624e-02 -2.442380898762400165e-01 5.327417692666021332e-02
1.819154564644099303e-01 -6.043953733041665943e-01 -3.592131395936068450e-02
-4.905049775982676941e-02 -6.050068050244007400e-01 -1.216050405780116361e-01
-8.760753926767489430e-02 -7.986445164581398304e-01 -1.330348694852903912e-01
-3.733084457570953751e-02 -5.993090263767505421e-01 -1.562703969277660088e-01
1.436876629158229113e-01 -7.222771221883108606e-01 -4.238321361616166627e-02
1.943193061876343775e-01 -6.048203969181434880e-01 -8.150480751900082699e-02
1.743292659617218798e-01 -3.052903301303220851e-01 -2.150092999318265613e-02
-1.290333606254417398e-01 -6.183128915547924098e-01 -1.203116052179736550e-01
-9.994551253429352633e-02 -6.137708255409062286e-01 -1.041738895315029167e-01
-8.528945516662281290e-02 -6.161661540474763221e-01 -1.076545517981044031e-01
-7.085437487293821945e-02 -6.152011062782244410e-01 -1.120467764912392861e-01
-6.072977088358672004e-02 -6.128642998301214728e-01 -1.160497127023614461e-01
9.842630279656659764e-02 -7.269745059016750055e-01 -5.568529485083591191e-02
-5.477185107889002980e-02 -6.193836225751253588e-01 -1.248888300897513237e-01
7.727478263543620385e-02 -6.168619647061713840e-01 -5.027576658703523937e-02
1.008321381296789637e-01 -6.393875006040434794e-01 -3.309467083391882947e-02
1.048419256364545443e-01 -6.171922240016954886e-01 -2.364630290031762005e-02
-1.236916399044733772e-02 -3.467194046741953195e-01 -4.245196060608205646e-02
1.629202009598809120e-01 -6.206803659426802788e-01 -2.323475400224227216e-02
2.009705552467342948e-01 -4.956359409734412691e-01 -3.293214788669179827e-02
-1.355988203592078944e-01 -7.966240796157653126e-01 -1.167971070079072415e-01
1.791464148797152767e-01 -6.219917535735981495e-01 -3.937767101704524320e-02
-1.091241960675574940e-01 -8.464162120531214528e-01 -1.319549030557034264e-01
1.801277383552954969e-01 -3.859909021458748923e-01 1.634858591492766716e-02
1.625195208704404704e-01 -7.294571153914790607e-01 -7.033461865699973392e-02
1.840719543663489333e-01 -6.238793876352376477e-01 -4.832668791313222967e-02
1.576771116976452003e-01 -7.283768258292049325e-01 -5.627666703520520231e-02
1.901852433686896382e-01 -6.242234660081696918e-01 -7.075976850241112726e-02
1.914050576648957391e-01 -6.189001499330224476e-01 -7.952215600379421157e-02
1.746580348201369759e-01 -3.142352236733249038e-01 -1.386136518643105858e-02
-1.358434741291873749e-01 -6.157206260060299474e-01 -1.297921042463442143e-01
-6.898063167438084342e-02 -6.223229643469799788e-01 -1.165868402650070690e-01
-8.791513542056475505e-02 -6.238331445718398038e-01 -1.110568882194786777e-01
8.040533146328150693e-02 -6.229895029885861302e-01 -5.378572954435677234e-02
1.335505599953990541e-01 -7.106403455105158029e-01 -3.741587007443777924e-02
-1.225182910854706736e-01 -6.350120219703253577e-01 -1.245007588946579202e-01
-8.899299750988361180e-03 -2.784801634044319907e-01 2.964264822959555845e-04
-4.724942741638707422e-02 -7.811099151565967791e-01 -1.971132360053574339e-01
-1.246413413847690249e-01 -4.887151886945819701e-01 -5.551917930997639361e-02
1.237028978024453801e-01 -7.104758697714184112e-01 -3.726019838387704952e-02
-1.155047073563761073e-01 -6.301299216270312975e-01 -1.159448330741942312e-01
-1.045402293102908609e-01 -6.351817868951020740e-01 -1.156169815920786159e-01
-8.800672619745825154e-02 -6.366529565225008680e-01 -1.173230865694682434e-01
-5.434114037197569635e-02 -6.402551412723603841e-01 -1.391026795851729170e-01
-1.112873239664963904e-01 -7.567862219311980443e-01 -1.482343129785745894e-01
1.648597571569568321e-01 -3.510026562359005453e-01 3.957481224449233004e-02
-2.592477097052952456e-02 -2.141300841261802035e-01 4.337023264413918805e-02
-4.471324173269820845e-02 -6.315746974075292508e-01 -1.716271666266950269e-01
8.203783833846733931e-02 -6.391890338195619359e-01 -5.678691153075020315e-02
1.434733339713764599e-01 -8.259875673266491303e-01 -5.025968168907664346e-02
1.123848882706335178e-01 -3.664899659730073700e-01 5.741891365142497150e-02
1.164456689153648278e-01 -6.388894938225312403e-01 -2.379510394053590411e-02
1.506858555112118303e-01 -6.353144845326890167e-01 -2.174416233623052003e-02
1.761983406412759856e-01 -6.389566627465318449e-01 -4.293630691236191566e-02
1.857099571226758505e-01 -6.348698046959428964e-01 -6.019839159308870702e-02
1.863096567133667447e-01 -6.409903750004783962e-01 -7.086765677597336999e-02
1.765219397144592861e-01 -3.335156567286207130e-01 -3.633393934070382192e-03
-1.258694951237407378e-01 -6.401346301973985797e-01 -1.322390839238848648e-01
1.150675858998424922e-01 -4.939932215476958155e-01 1.166130760331803712e-02
1.516154526420335769e-01 -6.450405245113309816e-01 -2.507024906634217065e-02
-1.872115439952443464e-02 -3.454495706946830724e-01 -2.434352919105775559e-02
-8.629941669347424016e-02 -8.164999108813018047e-01 -1.316926953259275057e-01
-1.114446427032931841e-01 -6.430157569236537585e-01 -1.215483889538456208e-01
7.610300996196735224e-02 -6.067583189506676744e-01 -5.315056606085470647e-02
-1.230995074069183154e-01 -6.539473925679112343e-01 -1.392003161661015120e-01
-8.899403765221805540e-02 -6.541765639875667393e-01 -1.249275557705680773e-01
-5.965785246291714639e-02 -6.551044864637267651e-01 -1.427758183353190768e-01
-1.412342967158427276e-01 -8.474112854979257703e-01 -7.651776283358410757e-02
7.243328207059260282e-02 -5.662773374503593526e-01 -4.762151387419415183e-02
-5.042221790687086147e-02 -6.495649784705470609e-01 -1.525779997180997660e-01
1.107030920804818325e-01 -6.768480475833817955e-01 -3.528065231450708272e-02
1.806509500922358069e-01 -6.692216227466435408e-01 -8.137336657918618765e-02
8.673191415058710552e-02 -6.581259878818909170e-01 -5.864127405493396727e-02
1.890661380780546685e-01 -5.984970751687909152e-01 -4.462413065238046705e-02
1.023168199306284526e-01 -6.576068420507009682e-01 -3.683051122908263808e-02
1.550185132712036951e-01 -7.461152105034928317e-01 -6.042712683454726230e-02
1.182546858856113742e-01 -6.571530085862515858e-01 -2.735411202149547194e-02
-1.348732532709893128e-01 -5.446393986159986378e-01 -8.279439972297958361e-02
1.290812451864768451e-01 -7.310304466478474428e-01 -4.062123863715859373e-02
-7.170642375506100508e-02 -7.300010143101438587e-01 -1.532462150547599378e-01
1.334222979246286744e-01 -6.580679605858309467e-01 -2.517819007080365767e-02
1.502872118228354981e-01 -6.583638811822696280e-01 -2.840621653602461161e-02
-5.342097815151790330e-03 -3.124655280669976221e-01 -3.485728506202115384e-02
1.648494425127911001e-01 -6.583334819413994010e-01 -3.805182038800630773e-02
-9.149594151080805982e-02 -7.252052146943174238e-01 -1.443735425178567788e-01
1.763637278255640317e-01 -6.589218772237303012e-01 -5.428232834680787877e-02
-1.353507524094275660e-01 -5.805859356304476915e-01 -1.015945021518237512e-01
1.805751806047717345e-01 -6.590528417205585576e-01 -6.695440042590992957e-02
-7.224183728732076759e-02 -6.589207406425999780e-01 -1.335535833813505380e-01
1.279569824262631883e-01 -9.081843354587699757e-01 2.275961648596489320e-02
-1.216655186823537155e-01 -5.667608880864063448e-01 -8.422583816083822894e-02
-4.518825465702624999e-02 -4.914097179531728421e-01 -7.515368499215172027e-02
-4.784941137629090957e-02 -6.597998168830288002e-01 -1.719973097705640996e-01
-4.829782218430184876e-02 -6.598648748110433893e-01 -1.870747252199693733e-01
1.707886447539897490e-01 -6.648530482346712844e-01 -4.695502189916911373e-02
-1.219380244882983383e-01 -6.644815113293163211e-01 -1.418232939514162960e-01
1.320615561874205479e-01 -6.944412683388846430e-01 -3.392321931292688331e-02
-6.384771639464917325e-02 -6.721081216462109209e-01 -1.469147650525556570e-01
1.862927717600709743e-01 -2.235277799780172048e-01 3.615248032147305030e-02
-5.764201810181335955e-02 -6.755376468251024225e-01 -1.568264407299610474e-01
1.596259221809842033e-01 -4.401244764468530968e-01 2.808275855285511519e-02
1.797761912744074708e-01 -2.849537122284946933e-01 2.650088769508350192e-02
-4.996029582351436960e-02 -6.754358069143761023e-01 -1.759032387730353197e-01
9.066725754510514268e-02 -6.756938346754299829e-01 -5.842674172067945093e-02
-1.010989324952803609e-01 -7.274543476145204357e-01 -1.452640426567554932e-01
1.144093947770158243e-01 -7.821829296801371401e-01 -4.135164980353821240e-02
1.193371592171470902e-01 -6.743064771346074515e-01 -3.073397601728659889e-02
1.528106623397119668e-01 -3.179985129322924764e-01 6.134884345211374934e-02
1.494969053535852854e-01 -6.765507017978131810e-01 -3.315499930895000891e-02
-4.160540544857914413e-02 -2.327050533601348059e-01 4.627340784019436798e-02
1.618267806600383607e-01 -6.755299667692802323e-01 -4.075595013327802663e-02
1.683128215870575706e-01 -6.791862502426432302e-01 -4.951962699923513622e-02
1.721754880951462119e-01 -2.939569494160503837e-01 4.782030111039035913e-02
1.734515739973428450e-01 -6.755521351544819808e-01 -5.765841993796370912e-02
1.818658611788835366e-01 -6.732640683923454272e-01 -7.766971651840799684e-02
-7.331003428823466839e-02 -3.110212339778806734e-01 3.048578214314694862e-02
1.762635360946170904e-01 -6.833011478841927167e-01 -8.443604017398129158e-02
1.662119219330344122e-01 -7.133503329189130326e-01 -6.806919484677073640e-02
-1.110376827163541413e-01 -6.919426674347076700e-01 -1.448300617224449194e-01
-6.382632457843395724e-02 -8.353065567746383868e-01 -1.848727923433406417e-01
1.757207808904985291e-01 -5.516545438980960947e-01 -9.618230528424316639e-03
-1.044412773504736769e-01 -6.889941891009488950e-01 -1.388451280408210531e-01
-7.608541399094949365e-02 -6.915081090042515255e-01 -1.436020391730944146e-01
-6.798923444912330361e-02 -6.896516034207349488e-01 -1.495249225338141918e-01
-6.125723191478833068e-02 -6.921832397977643048e-01 -1.586192067268527572e-01
-5.407002244210697139e-02 -6.879587814341102670e-01 -1.693774747670578618e-01
8.522354520074397477e-02 -8.723673689905756534e-01 3.066257000244262607e-02
1.773031058108247571e-01 -3.313973809817841731e-01 1.958480515743685202e-02
-5.177334622917652979e-02 -6.928871274748531484e-01 -1.783163980582506414e-01
-4.717830251109318002e-02 -7.448015255610194174e-01 -2.063245944771167628e-01
1.201203377644340237e-01 -6.881812547709719174e-01 -3.348024890715743662e-02
1.582822230326141333e-01 -6.935761422264086207e-01 -4.335242773406318417e-02
1.651152590410372434e-01 -6.956568565042300367e-01 -5.243073750405656541e-02
1.111875061429737771e-01 -4.507966116454427130e-01 2.128512320258039298e-02
1.727010445308994058e-01 -6.938606337050301498e-01 -7.267806352024466787e-02
-9.280095395304080452e-02 -7.073784757515118038e-01 -1.416798659567566621e-01
1.124930516346833859e-01 -6.945425672165954634e-01 -3.864063524865844756e-02
-6.729419735134081759e-02 -7.826061820656130541e-01 -1.575932504117597277e-01
-6.268292587266507954e-02 -7.079697085408810375e-01 -1.604953430556613492e-01
-4.084364123341362174e-02 -4.371925852737114648e-01 -5.531908705150319350e-02
1.776076041693471219e-01 -3.147346476480202826e-01 2.080770743487772578e-02
1.559006798950683947e-01 -5.492444590204913490e-01 3.069421399832364394e-03
-5.247874182779443952e-02 -7.082319548329070180e-01 -1.797476139066356560e-01
8.462813870864080434e-02 -8.088347384765737225e-01 -4.668485412347003760e-02
9.657983039980679030e-02 -7.101131098757450522e-01 -5.559676459217943734e-02
1.610179656107572077e-01 -7.108190138885548404e-01 -5.371108146144926154e-02
1.049691061522673302e-01 -7.122328392201668912e-01 -4.742796634682801271e-02
-1.059271875065190688e-01 -7.253675377251045386e-01 -1.480185448910353030e-01
1.587062164257419528e-01 -8.927532678162733992e-01 -2.187491111990728238e-02
-7.760286834659087252e-02 -7.251303241137667666e-01 -1.489910041480676517e-01
-6.268286903196292059e-02 -7.261563521369278629e-01 -1.625391247528596705e-01
-5.245503414163482647e-02 -7.264186023586586272e-01 -1.817104521415088825e-01
-1.133835613337909748e-01 -8.493331887527973967e-01 -1.231697348401623038e-01
-4.555142608611550958e-02 -7.811753297215964231e-01 -2.048446971478982137e-01
-4.759660495346483555e-02 -7.266148124713989187e-01 -2.057122308305867620e-01
-4.704328450408339773e-02 -7.306561614952925554e-01 -2.042727202988618151e-01
1.732334144837696654e-01 -3.858269173670123009e-01 2.661181201266256402e-02
1.611807669812332366e-01 -7.355778909888481820e-01 -8.778621558817802095e-02
1.591697655189321936e-01 -4.583109825723182817e-01 2.447762309270557629e-02
-1.062804112574123189e-01 -7.447534329553795462e-01 -1.486984207621507292e-01
-1.009987153606318744e-01 -7.375582470049489858e-01 -1.460566200208842369e-01
1.518329900941541299e-01 -2.241783993741728043e-01 8.290421460402359888e-02
-9.237050296966714535e-02 -7.440777015957972251e-01 -1.457560755492559867e-01
-6.255346468363358337e-02 -7.443430172247024190e-01 -1.641402231164199865e-01
-8.622258998586276868e-03 -2.423651936244668181e-01 1.819516806268572234e-02
-5.238756727520318263e-02 -7.446052571552145283e-01 -1.835235274613059020e-01
-4.902814488021543793e-02 -7.447360857668809953e-01 -1.991127992987260509e-01
1.465403108995032566e-01 -7.472763413533191068e-01 -5.122257884771244663e-02
1.592596198724950396e-01 -7.479952214775877906e-01 -7.274592024384539390e-02
-7.211824378434877891e-02 -4.323206771834534612e-01 -3.697264622217552588e-02
-1.135808359287874547e-01 -7.455083890820733972e-01 -1.629375048683148197e-01
1.067027267690221631e-01 -8.915916456059632678e-01 3.986917484366252901e-02
-6.233110767964780696e-02 -7.625301294361936932e-01 -1.654232456483210045e-01
-5.217381956003080273e-02 -7.627923679362298426e-01 -1.848360147176695834e-01
-4.834120736443824062e-02 -7.629232751707203386e-01 -1.988058255989572642e-01
-2.339885547024857931e-02 -4.721992633931029193e-01 -1.349128748846846471e-01
8.533857084345213007e-02 -7.618034915207407831e-01 -6.378260984533226652e-02
1.544378320827022866e-01 -7.656731585328065970e-01 -6.957591532163989734e-02
-1.383373780533528885e-01 -5.280866840554537811e-01 -7.940671405913236891e-02
-1.063072311283312921e-01 -7.757884371464106588e-01 -1.346802274276540090e-01
-8.835152433797320570e-02 -7.786701972171161668e-01 -1.398787050443459912e-01
1.557714291174688848e-01 -8.780644410494133911e-01 -2.248426883189059283e-02
1.147682866713388011e-01 -8.676373216707566893e-01 9.252599852997495794e-03
-7.493827118578466617e-02 -7.804213823448543641e-01 -1.496688588577527734e-01
8.305852971137640817e-02 -7.806088371748147736e-01 -6.241994164845042492e-02
-5.329338304605478471e-02 -2.547366189223351229e-01 4.440483812956363963e-02
1.808181012056276349e-01 -6.417439234582045238e-01 -5.272462184290938048e-02
-1.045075413318639346e-01 -7.838717436953245299e-01 -1.294293475620114098e-01
-9.287337518764768318e-02 -7.844928629550623755e-01 -1.343513028807932497e-01
1.497343843583648915e-01 -7.877896125778965919e-01 -6.514829602152075183e-02
-2.249738896840577235e-02 -4.024334509511099944e-01 -5.630577781834242290e-02
-1.405157293175402500e-01 -5.641910787652528736e-01 -9.802697611443958459e-02
-7.255447342713031156e-02 -3.009177234530091005e-01 3.420717566316554270e-02
1.761096905855916162e-01 -2.956212018947030895e-01 3.531299386550820762e-02
1.764768219048881703e-01 -6.771804936270068298e-01 -7.083631834009480877e-02
-4.984853301610610993e-02 -7.996190408285712703e-01 -1.867161168164844787e-01
1.790140837962516107e-01 -2.950566974837596779e-01 2.275714772118489840e-02
-1.304840178430110575e-01 -5.615770149591076121e-01 -8.674978904837446492e-02
-4.657322416134298398e-02 -7.912139102499660126e-01 -1.959345387729867771e-01
-3.863155457637634099e-02 -7.989536530780436685e-01 -2.179687223449176259e-01
9.635620723747435890e-02 -7.995802822893118833e-01 -4.160088522327225202e-02
9.878177635964092984e-02 -8.653209250665565566e-01 1.571263182373917530e-02
1.100143754874377128e-01 -7.930637527321985347e-01 -3.924526444269607617e-02
1.459371004975657526e-01 -8.018367885712708309e-01 -5.941902475715832299e-02
1.797321679936049743e-01 -4.602288893690601457e-01 1.172699430837711998e-02
1.538393337997087107e-01 -7.988066173999878172e-01 -1.019708777276840950e-01
-1.078541867221532724e-01 -5.229661490360404397e-01 -6.418183317644368668e-02
-3.435308566880597436e-02 -8.036663774588758136e-01 -2.231918630346765575e-01
1.047553995063937177e-01 -8.064261602611723090e-01 -3.618486611145964316e-02
1.543356306902046171e-01 -8.071995254697942324e-01 -9.557586375278018243e-02
-7.776228638126152226e-02 -8.065931039282593362e-01 -1.419704398169355508e-01
-1.487801250750623305e-01 -8.105909241669502219e-01 -9.895694925763318106e-02
-1.300305257542512805e-01 -8.095509163485291593e-01 -9.783814864873319195e-02
-1.282981457038847029e-01 -8.164796596504476645e-01 -9.268885426522188720e-02
-2.744174716612061971e-02 -2.544407350828381542e-01 2.733144725328957164e-02
-9.952678193211922375e-02 -8.162046013593536875e-01 -1.160167864204952326e-01
-7.355930333643567742e-02 -8.172058341663080983e-01 -1.504372305243200370e-01
9.037690367941565717e-02 -6.375373036242840685e-01 -4.449711374785919604e-02
-3.043140913628217259e-02 -8.118798247540376378e-01 -2.377675472205604545e-01
-3.447197866108407671e-02 -8.319568223612229252e-01 -2.267782996904249282e-01
9.095734624852296057e-02 -8.129421796884591656e-01 -3.902052196571942355e-02
1.335287147968752253e-01 -8.200403448189078626e-01 -4.159300712449474913e-02
1.136489743847694661e-01 -8.816512672740660639e-01 3.091836956925382227e-02
1.546040577646369263e-01 -8.209046121583181144e-01 -7.476326454167682434e-02
1.190221496920018524e-01 -8.774618058537633214e-01 2.077343591792796956e-02
-3.269197642928583364e-02 -3.435222929110683943e-01 -7.868582455143414978e-03
1.575346936413896670e-01 -8.194894995094227363e-01 -9.035914487505425363e-02
-1.151623622166476346e-01 -5.295923025163230546e-01 -6.737936058707109932e-02
-1.434020912460656771e-01 -8.179756138712183100e-01 -8.676037114884853352e-02
-6.676830468826956688e-02 -2.079638516817924332e-01 6.445704563124873832e-02
-1.612664240477384159e-01 -8.202825472214539948e-01 -8.547566653605395692e-02
-4.940051895087694406e-02 -6.740098930868018146e-01 -1.924383954859097967e-01
1.290268210840874175e-01 -8.029191344189161583e-01 -4.296459952408070160e-02
-1.724322049518172140e-01 -8.269168110243811931e-01 -7.570600283817137399e-02
-2.292157411208195494e-02 -2.388357030176137819e-01 2.973633914692585395e-02
-1.002999613520313138e-01 -8.324858768364551409e-01 -1.164317549187636747e-01
-8.613745364970423757e-02 -8.347520876435957637e-01 -1.467259585934776178e-01
-7.771958344571447408e-02 -8.295384722948738743e-01 -1.534272984976936816e-01
-9.850379545017756699e-02 -3.965433898505245081e-01 -1.058908267073918608e-02
1.344871639642201133e-01 -2.576664009218455065e-01 8.437953279706750243e-02
-5.107721890902759687e-02 -8.356047541830743386e-01 -2.028025042029910907e-01
1.438836906461101184e-01 -3.842844236256429125e-01 4.590784177798171162e-02
1.255668581592991329e-01 -5.305312550990854970e-01 9.646053760740982280e-03
-4.160792697357884595e-02 -8.384267251382231390e-01 -2.223947728447494832e-01
