1.202433361150778424e-01 -8.930812163572735551e-01 1.168888582497845663e-02
1.662981689674770391e-01 -8.861408284539379343e-01 -2.642140863285808577e-02
1.499625250636947293e-01 -8.853036321865318525e-01 3.277296090262071110e-03
1.386278700710495970e-01 -8.854478489021245791e-01 1.968744585955541776e-02
1.295470296381082131e-01 -8.856789680045710211e-01 3.000249292271185697e-02
1.146169725591689725e-01 -8.865854921150518875e-01 3.405990247313653296e-02
1.078466418701395924e-01 -8.929728356581893012e-01 1.985771724517133852e-02
8.782640033034745664e-02 -8.894418017933972687e-01 1.121035375865107354e-02
7.547733043680171505e-02 -8.900834709181889570e-01 1.721619765065216662e-02
1.386621787056616650e-01 -8.774476150149714826e-01 2.005768052566608839e-02
1.743054146150510297e-01 -8.703682805028380987e-01 -6.480192964468713124e-02
1.744178248257588493e-01 -8.739175101407709034e-01 -5.416455928060319447e-02
1.729023618646630123e-01 -8.755312171338450744e-01 -4.213468294938363390e-02
1.689958793361641676e-01 -8.746337395624960154e-01 -2.660703650745007559e-02
1.644717264229544063e-01 -8.750598931564075311e-01 -1.575153610974782542e-02
1.585802800753805253e-01 -8.746314077884859151e-01 -6.171105446329309963e-03
1.439725813487930384e-01 -8.749048670084166313e-01 1.283127338129849693e-02
1.293782169235573043e-01 -8.757234515633418592e-01 2.973801198928272341e-02
6.801751277915216165e-02 -8.811164258756991607e-01 2.186380455427001240e-02
1.250806928613176217e-01 -8.653920137403880997e-01 2.638475767591561341e-02
1.121038064193597694e-01 -8.652612198778836250e-01 3.006470303549951123e-02
1.722328234596073038e-01 -8.616848622044842587e-01 -4.399317615605101428e-02
1.404679589112742544e-01 -8.626116663495083658e-01 8.750845030894332383e-03
1.077842935945724639e-01 -8.583492639037451077e-01 2.073714404677741777e-02
9.228684291558154895e-02 -8.632784689998492800e-01 2.502695699300435186e-02
1.734147811135623163e-01 -8.599936749433756411e-01 -6.983124324502759661e-02
1.722473240814266782e-01 -8.563760215384399466e-01 -5.364888498564875097e-02
1.643948983643224726e-01 -8.598846095464023342e-01 -2.520890748529502901e-02
1.527059113560035042e-01 -8.597433236287910230e-01 -7.699635597940991671e-03
1.390303075201659022e-01 -8.535507869374946432e-01 -1.420213813040221984e-03
7.433265763492991063e-02 -8.622559802007889740e-01 1.647315334969718520e-02
-1.605832295181818525e-01 -8.716477543111361692e-01 -9.370465963708657364e-02
-1.623373486636208729e-01 -8.689782088456037279e-01 -9.041995747503901726e-02
-1.897297788214127590e-01 -8.690297251156439140e-01 -7.609028992097706390e-02
1.688477407229159177e-01 -8.435603990622230208e-01 -5.848308854405596946e-02
-1.220435961409171710e-01 -8.614127634949803047e-01 -1.063441194765268882e-01
-1.370400048932783332e-01 -8.645827130813488193e-01 -8.777718565152782537e-02
-1.851586579636649021e-01 -8.669170391865432812e-01 -6.495719839066424472e-02
-1.977717953216986402e-01 -8.673247912821141492e-01 -6.906193987244427235e-02
1.632032673769497622e-01 -8.390602523479381292e-01 -4.967229535005558694e-02
1.597437970465574175e-01 -8.424141491451472286e-01 -3.882805615207522709e-02
1.505788528735747256e-01 -8.383910491702957213e-01 -3.081856575695079287e-02
1.183931095715597404e-01 -8.398800885063403276e-01 -8.769638953127170677e-03
1.006140316273569507e-01 -8.393148990542821375e-01 -5.550185166309635348e-03
8.241978221334159138e-02 -8.389151965958818735e-01 -1.264090589041007989e-02
-1.126973687135362223e-01 -8.588448602360112538e-01 -1.087657241605922698e-01
-1.146002060043915249e-01 -8.566854408157182910e-01 -1.014031951863158809e-01
-1.240151828593560740e-01 -8.597456984885246678e-01 -9.462542531598398809e-02
-1.373775651880311255e-01 -8.588483606406308590e-01 -7.764924438555710628e-02
1.723168202728080634e-01 -8.579312709826246719e-01 -9.886860308511540019e-02
-1.502823011373524420e-01 -8.611226760286110338e-01 -6.910730775361366429e-02
-1.517362169519676784e-01 -8.577820740244690434e-01 -6.293151589487404329e-02
-1.829825951667900519e-01 -8.596065856512642434e-01 -5.265838191021746106e-02
-1.964103048045116595e-01 -8.607593063930805144e-01 -5.727706224109090083e-02
8.460698843289558846e-02 -8.350189314671830898e-01 -1.883897000487835122e-02
-7.271473086991839252e-02 -8.534080591297393825e-01 -1.926171807279453418e-01
-9.563095533602934684e-02 -8.531841607706626140e-01 -1.468086046100228470e-01
-8.449832440127519328e-02 -8.510845636097829070e-01 -1.638485249991934734e-01
-1.516471546153615735e-01 -8.517677246627872734e-01 -6.243624690229719609e-02
-6.391030480971682248e-02 -8.489971847484696355e-01 -1.978250984615741725e-01
-7.518635423349775970e-02 -8.495640797496945007e-01 -1.810092416871398047e-01
-1.025245946516655238e-01 -8.492483768027290214e-01 -1.115869596328961100e-01
9.072105052586991458e-02 -8.494275745018240453e-01 8.579587959708725314e-03
-1.659995697397468606e-01 -8.505535974627211893e-01 -5.633079136052339397e-02
-1.822454170261812445e-01 -8.523688554955379804e-01 -5.266634794094320060e-02
1.303628517907218787e-01 -8.261002812819112640e-01 -2.750807235547490792e-02
-1.921438765131325555e-01 -8.449978484960011249e-01 -6.978835078384290624e-02
-1.980263950817179042e-01 -8.525073736600874419e-01 -5.871915666055492478e-02
1.699927656375925245e-01 -8.208043761248606796e-01 -9.460713097196493671e-02
1.679179778623655361e-01 -8.231941366302507612e-01 -8.214255892766085532e-02
1.653919329510555869e-01 -8.250437639505500131e-01 -7.024118096784601195e-02
1.603954207637010021e-01 -8.211304090443701797e-01 -6.180442362428048564e-02
1.564283144956295224e-01 -8.250385290938936356e-01 -5.180095294657766081e-02
1.460008452242661514e-01 -8.196356168416916166e-01 -4.331390207057843333e-02
1.111659908105953332e-01 -8.176381709349660465e-01 -3.087311188910824705e-02
-2.653318943094087196e-02 -8.378183155824653339e-01 -2.341655453378163054e-01
-3.639674721804313229e-02 -8.368903772378332162e-01 -2.103720404272918787e-01
-4.569409749332885295e-02 -8.399257696309623267e-01 -2.031919595479763363e-01
-4.681973387522130048e-02 -8.356034099207834132e-01 -1.930962999271351177e-01
-6.997767343323377243e-02 -8.401127486750120665e-01 -1.650453054789108864e-01
-7.226836252290680385e-02 -8.371543112816609566e-01 -1.537212594666985122e-01
-1.074912417891502603e-01 -8.431779282671574283e-01 -9.963336881812634438e-02
-1.508065277411586025e-01 -8.434292851427011017e-01 -6.916158676295726393e-02
-1.843281105413584198e-01 -8.440938162758436780e-01 -6.138884233922010936e-02
1.524281762096275361e-01 -8.116694755258749838e-01 -5.504433004534572960e-02
9.783666057711946917e-02 -8.147727480002654454e-01 -3.502802722125778617e-02
-6.390964082608613372e-02 -8.315586602651218184e-01 -1.617368872293361848e-01
-1.665625072178048560e-01 -8.355337113270764338e-01 -7.851550335417652182e-02
-3.858763999683359480e-02 -8.292743412287038041e-01 -1.992174717621906233e-01
-1.563483739710458120e-01 -8.313483911255865610e-01 -9.173069737106534505e-02
9.328154975955896266e-02 -8.115539314660290549e-01 -4.593846763605377581e-02
-8.534925795335530918e-02 -8.275900564105838075e-01 -1.245658711143968200e-01
-1.550310937521988952e-01 -8.327011252619305193e-01 -8.528217357984833880e-02
-1.303140109418846754e-03 -3.157167352298471674e-01 -3.673838414756487591e-02
-1.068325862857803649e-01 -4.730761586348523062e-01 -7.187040431580357658e-02
-7.010063890907403117e-02 -5.197489866618791865e-01 -9.020128596484040806e-02
1.996302389053532800e-01 -4.433389679758102386e-01 -1.285550976767136505e-02
1.760768822378830090e-01 -2.791082271182727115e-01 4.285615443329403307e-02
1.570016626873340648e-01 -4.450317459941222076e-01 1.252262334320447014e-02
-1.340138216201811061e-01 -6.010347527831341186e-01 -1.357102667464437362e-01
-5.028277466660013850e-02 -8.283547317993660286e-01 -1.805550460701668691e-01
1.887024526355351450e-01 -2.992381441997070124e-01 1.641460993513400163e-02
1.499229144419111925e-01 -5.547262274531541415e-01 -1.406043114306263636e-02
-4.597028706156811029e-02 -4.500871713050146328e-01 -7.206041265135766649e-02
2.032714155733297001e-01 -4.269501770858334377e-01 -2.518769573740082396e-02
1.862718260012407312e-01 -4.256454989735742878e-01 4.089426797886035192e-03
-1.376999123825960458e-01 -5.861236449807788462e-01 -1.306038576160514220e-01
1.080122742910155781e-01 -4.249482039866436800e-01 1.216987659675055136e-02
7.582205038107044104e-02 -2.741520502312270180e-01 6.686661437375177042e-02
1.015228785882340001e-01 -4.315949736995176589e-01 1.993605326092395130e-03
-1.259994289195388861e-01 -8.568433467098585110e-01 -8.521486467545763555e-02
-4.069241614965296572e-02 -5.773209237800861482e-01 -1.256125988178048991e-01
-1.291278940658325061e-02 -4.447215956377291168e-01 -1.128617730316978096e-01
-1.628677444424606047e-02 -4.452198592137639466e-01 -9.957237382883414589e-02
6.455335009123937262e-03 -3.184303540549455191e-01 -5.168070088847009913e-02
-6.276039824493856445e-02 -4.442561639248178706e-01 -6.264985435662961955e-02
-8.317401672519789124e-02 -8.451567758094528093e-01 -1.480650962293084683e-01
-2.556683867708207936e-04 -3.346518257379794137e-01 -4.940592401344599816e-02
1.143689429705943839e-01 -4.201688660731004998e-01 2.029749034930909343e-02
1.105346462796081286e-01 -4.074020006293749274e-01 2.689994200170434113e-02
7.900990676541237712e-02 -4.242770358357292326e-01 -1.815008317976299357e-02
3.709458397431335958e-02 -2.389129460491428436e-01 5.957012774616481099e-02
9.667296218118974493e-02 -5.976472411539343055e-01 -4.992941213351158314e-02
-2.555189713079163150e-02 -4.315452246592079710e-01 -7.747249829480273853e-02
1.814503687896660278e-01 -2.814710299380081548e-01 3.569442684665308924e-02
-6.005011219097654285e-03 -3.911060229214904371e-01 -9.900243209782184917e-02
2.010853497130346279e-01 -4.084297388039017651e-01 -2.246716431581194384e-02
1.930899953569899519e-01 -2.283679615276447972e-01 3.369603382418118187e-02
2.140389054889274556e-01 -5.709762033537066905e-01 -8.494795455225916114e-02
1.600325141739186718e-01 -4.101726502530058660e-01 2.187653320395335083e-02
1.903010326444130595e-01 -5.209782965052994763e-01 -2.103744728214645282e-02
1.320783894946164494e-01 -4.024044895346324813e-01 3.321059625927231390e-02
1.242752491588104413e-01 -6.649741917813077885e-01 -4.695191727075945232e-02
9.248209632344431275e-02 -4.059993086429314890e-01 1.479748687781832356e-02
-7.054489809763894725e-02 -7.182161921563313678e-01 -1.601798876909231728e-01
-1.093295489166222142e-02 -4.203224178612641193e-01 -1.053030437750136772e-01
2.139126121752218945e-01 -5.030612636344642397e-01 -8.323663879080279993e-02
-5.860895869064110253e-02 -6.591467140316296103e-01 -1.519371700658467272e-01
1.942696749348224172e-01 -2.629358142041183233e-01 1.592013187907355756e-02
1.451525385063653362e-01 -6.613571166017321312e-01 -4.299678342572688106e-02
-4.427673449246842530e-02 -4.268922236074724208e-01 -6.091476323270464399e-02
-6.060629684829836605e-02 -4.278130300011140363e-01 -5.474481194469878187e-02
-4.694240347156557192e-02 -4.425314791495523203e-01 -6.778454247433969571e-02
1.026195980605390107e-01 -3.017081912344928285e-01 6.290121327325723377e-02
8.763034193394868276e-02 -5.066068558849639025e-01 -2.475551166265351627e-02
2.016999518934012303e-01 -6.073313716939588991e-01 -7.926662993223465570e-02
-1.286467832871420747e-01 -4.272082345200788334e-01 -6.690443761280538693e-02
-1.202216664372799254e-01 -4.199923727591043376e-01 -5.161126721240616444e-02
-1.361008868766065416e-01 -4.704700416244759209e-01 -8.691926845525334289e-02
-3.999085231831044085e-02 -4.134186200122333954e-01 -5.615905920390340533e-02
2.056858978725512876e-01 -5.708752940777312990e-01 -6.333205305666847473e-02
-9.732106858351703693e-02 -4.156766653779421228e-01 -4.205171487004621955e-02
1.995999965124760911e-01 -3.907726065962656703e-01 -2.413113858608786216e-02
1.777504339287615254e-02 -2.483786551990940505e-01 -1.441650468152907982e-03
-3.021915440823450677e-02 -4.245324935787256893e-01 -6.900871562000064630e-02
-1.250974235114476751e-01 -5.063562526069100844e-01 -8.812642821884913991e-02
1.076060279586655150e-01 -3.942130449730258390e-01 3.247722528040074275e-02
1.792684576433996868e-01 -2.992617865850508707e-01 3.243491474435335892e-02
7.992159452842262368e-02 -3.977681797203868053e-01 1.037944348122709672e-02
-1.235010662520086636e-02 -4.520091249701141956e-01 -1.457128665472108564e-01
-9.394373822683793618e-02 -8.407605721902482454e-01 -1.161806511731668656e-01
-1.370414815226450589e-01 -8.335102914529046725e-01 -8.087887928654645397e-02
-1.574265158501198317e-02 -2.404105712946791318e-01 8.261687214027705478e-03
-8.843846144061478717e-03 -4.068037987411297074e-01 -1.004776258118652565e-01
-8.636517532278081832e-02 -6.867719020438997068e-01 -1.491688531596721545e-01
9.690550185669649652e-02 -8.289669023877783705e-01 -1.932092521249066663e-02
1.865133372788821409e-01 -4.980973122376987083e-01 -1.118998955168309245e-02
1.491693852297022171e-01 -3.005607025647812902e-01 5.356812800131702246e-02
1.245254498493461315e-01 -4.114891679400095037e-01 2.838505325834797186e-02
7.521557346073035055e-02 -3.854193693660409870e-01 1.152310922911860096e-02
-7.287312626265608773e-02 -3.958997985176085366e-01 -3.360968012531515003e-02
1.554650425889431420e-01 -8.534146157621940176e-01 -1.830840224183445664e-02
1.630572107943928373e-01 -7.879780026739964249e-01 -8.003797427404180098e-02
1.500143841473571549e-01 -2.823967674295853048e-01 5.703892240576909772e-02
-9.907826557478002782e-02 -4.491279421221675561e-01 -6.149755210706772668e-02
-1.289806220814480875e-01 -3.994041413878039459e-01 -5.335248033662468026e-02
8.283117693326727538e-02 -2.505063745026112620e-01 7.644424429903054485e-02
1.972083597109331177e-01 -3.710575494631279669e-01 -1.964503472312063154e-02
1.939548898734047566e-01 -3.714745815491765080e-01 -2.406618764645894470e-03
-1.268439426111707680e-01 -5.604068558435599812e-01 -1.063892835764071176e-01
-3.160777705904097706e-02 -4.031592014094402265e-01 -5.588066023623865231e-02
1.714063030263714704e-01 -3.680235070253157770e-01 2.403451501719434252e-02
-2.682648324304020768e-02 -2.793161994126930892e-01 3.577283603711303717e-03
1.898010230505514651e-01 -4.624276017134336114e-01 -4.837448959751598776e-03
-3.369363160835248117e-02 -8.082431492882594659e-01 -2.059579169635974982e-01
1.282057554482054773e-01 -3.744021828762074122e-01 4.154663597292701516e-02
-1.482427295324365291e-01 -2.655632710683196174e-01 -8.531365145343638989e-06
1.121883139303408716e-01 -3.733873788809554117e-01 4.193623845765900165e-02
7.024826560780994544e-02 -3.763948087447716584e-01 1.320254036481910594e-02
1.964383575258246972e-01 -4.956891112120196952e-01 -1.854324232951085755e-02
-1.190852806985517529e-02 -3.883705788374995360e-01 -6.815716969873483744e-02
-9.720388269519253388e-02 -5.843362357354412451e-01 -1.091628732669223112e-01
-1.390897357200244523e-02 -3.807276143493569243e-01 -5.898206307298244078e-02
-1.191557900431140099e-01 -2.690640884455476334e-01 1.515794168023001584e-02
9.346910109339495731e-02 -4.514119917393237813e-01 -9.903541485076404471e-03
-4.389989194211947610e-02 -3.820034921173058318e-01 -3.747464055537758076e-02
1.291515551626446767e-01 -6.279513901353759309e-01 -3.576991285261169051e-02
-1.261490760851373127e-01 -4.135905264212317300e-01 -5.198815153700131475e-02
-8.536133668676662567e-02 -3.858199425331376164e-01 -2.543760775273637420e-02
1.663104057414026837e-01 -7.342130370574940779e-01 -7.535239155927046795e-02
1.540997656672068172e-01 -4.821880610549565960e-01 3.702864832017135899e-03
-1.221134586920961246e-01 -3.944224598049335673e-01 -4.116502272542978125e-02
8.074506746913950872e-02 -3.662626306527643760e-01 3.108719641679549839e-02
-3.283761495609354569e-02 -3.773550084049936970e-01 -4.085778052155812634e-02
9.211549157945768396e-02 -4.341398246056158428e-01 -5.772932173456129384e-03
-4.432072839998796310e-02 -5.695711436105017622e-01 -1.198607199430908044e-01
-2.504784742269299327e-02 -3.883509782155656342e-01 -5.281325987852374115e-02
1.000427676554507955e-01 -2.673833551738430403e-01 7.273802803187814914e-02
1.971733466289690428e-01 -3.476593770317377707e-01 -1.134926628633544515e-02
1.937592528784971568e-01 -3.535313652564130438e-01 -2.510870047981804409e-03
2.960432185405609956e-03 -2.975291587998855070e-01 -3.404806188911163600e-02
1.732931760401036358e-01 -3.530207244581108350e-01 2.505553146883817903e-02
9.071890645932630115e-02 -2.277004475378779369e-01 8.347863897537162459e-02
7.433203983105304835e-02 -5.253523054994446717e-01 -4.152767573308496774e-02
1.443654013451871609e-01 -8.853609297400544254e-01 1.172175716973525988e-02
-1.332010954770799366e-02 -4.274966650399393830e-01 -9.759267939865458319e-02
1.379824734048136492e-01 -6.685965968202121079e-01 -4.477676609408647035e-02
1.290672650806771182e-01 -3.562348387445396503e-01 4.507414906817150402e-02
-1.244990854822880105e-01 -4.388831686118040420e-01 -6.687390991012047425e-02
-1.109325692543854519e-01 -3.164030883786048687e-01 7.863552273427651396e-04
1.114316447020916034e-01 -3.574326111689758445e-01 4.675559912137156049e-02
8.832211450484378501e-02 -3.598738229519508613e-01 4.093750323947063091e-02
7.412484477664932347e-02 -3.604812616511765544e-01 2.791827769976465076e-02
6.565112257838209842e-02 -3.632942035154049232e-01 1.628105584529417754e-02
-3.083689192530846002e-03 -3.715463425180771662e-01 -9.758144761042629456e-02
1.130510356867661104e-01 -8.763006105261788026e-01 3.454337269385387293e-02
1.825467121065087739e-01 -2.281706383619239165e-01 4.730167970075696560e-02
-6.662515609126295341e-03 -3.720390701652041554e-01 -6.668089582305590513e-02
-1.211482429447035269e-01 -2.575024102658843850e-01 1.943927047022715043e-02
6.246640844699501149e-02 -3.054285845473949101e-01 4.772692698289830726e-02
1.450880788498810359e-01 -3.733641842028067592e-01 3.727566898798497647e-02
7.806164149391142670e-02 -8.683146755523696303e-01 2.446076775466942896e-02
-1.065015655963846147e-02 -3.688988175671241709e-01 -5.607162083855002366e-02
-2.589408300176180427e-02 -3.674988020456366189e-01 -3.977073580436353561e-02
-6.922455145202388582e-02 -3.731452353794963428e-01 -2.038119045195164319e-02
8.952219243810878579e-02 -2.924639752098076584e-01 6.351184845603467799e-02
1.789227384429920853e-01 -6.975148958829231471e-01 -9.188161935059975527e-02
-7.135612760470907978e-02 -3.855873880811631627e-01 -2.808267269630299046e-02
9.270144138997825356e-02 -3.057715730841703561e-01 6.017381934057416254e-02
-7.521057337473878446e-02 -5.747861305907912000e-01 -1.094596962879305913e-01
-1.165977621580826795e-01 -8.443929289681910699e-01 -9.009626123090522243e-02
-1.086885928221548309e-01 -3.774188882239227216e-01 -2.454207874103320891e-02
-1.431807272191819302e-02 -3.602659035690701783e-01 -4.591646365800000629e-02
-1.697642494486790443e-01 -8.421366381389433498e-01 -6.699878910237316854e-02
-4.565688956740983351e-02 -3.615453560888824969e-01 -2.212493453930177573e-02
-5.983650203467286849e-02 -8.192698278546981516e-01 -1.612018255996275906e-01
-1.115108846742590976e-01 -3.661893902060154860e-01 -2.004543176109408603e-02
6.159364746530390788e-02 -3.480814823090588317e-01 2.127424500764033000e-02
-3.427515082367138186e-03 -3.582176770680034483e-01 -6.378919353589454500e-02
-6.585416689117939981e-02 -6.472818823247472597e-01 -1.418568826034322661e-01
1.282448563017462573e-01 -3.917218380135883971e-01 3.706927669497755290e-02
1.937255241634012193e-01 -3.355541273692011495e-01 -2.058904690721861941e-03
-1.092019249606502596e-01 -4.263176637984902317e-01 -4.995783774621929962e-02
-6.964355364094737544e-02 -2.750504934965752324e-01 2.043534649121329580e-02
-1.634218437268916344e-02 -4.060768594362513251e-01 -7.273153785658045822e-02
1.299128550872971077e-01 -3.380711746798211181e-01 4.854696160806256516e-02
9.520427641905357397e-02 -3.399242956185644648e-01 5.145434937374997186e-02
6.750798676211931804e-02 -3.443762460099848988e-01 3.179951191894013485e-02
-6.136722491572207255e-03 -3.525020878258197654e-01 -5.263048024486664811e-02
-1.037968516556626031e-01 -4.376073455609399976e-01 -5.573550007091455927e-02
1.753740001782915225e-01 -3.347650851813259720e-01 2.699608927427780969e-02
1.060371455951881758e-01 -7.563539521390556519e-01 -6.246964211210849494e-02
-3.486430493364397337e-02 -3.478542658967745949e-01 -2.077215229868643875e-02
-9.563259489281178416e-02 -3.485309009386202139e-01 -6.504894256556342791e-03
1.024926853661618509e-01 -8.334858869918969626e-01 -1.274517304017229458e-02
-7.487918487138039980e-02 -4.103134732763571990e-01 -4.094304328929686265e-02
-1.034711648517723792e-01 -3.573391174873424281e-01 -1.292866467173909434e-02
1.825800976109232254e-01 -3.213878739039922050e-01 2.236301276862629264e-02
-1.140829030982982994e-01 -3.521822292937182297e-01 -1.459971670248110670e-02
1.196153928329603267e-01 -3.979297551759765628e-01 3.438216463375165510e-02
1.578921350181749783e-01 -4.271445934520405330e-01 1.729226311010674533e-02
2.027970622256324296e-01 -5.665394912668123562e-01 -5.425624462151293348e-02
-6.297947343748785953e-02 -6.323966143079519098e-01 -1.367127591371967155e-01
1.973822818290645598e-01 -3.236361696291064072e-01 -9.874372691467118990e-03
-9.459353389427607728e-02 -4.291563224091594075e-01 -5.008541611029057594e-02
1.696372585194639848e-01 -6.965680606503144023e-01 -6.362643192450796736e-02
-1.113400617870609483e-01 -4.126179567529583703e-01 -4.303650615474666208e-02
-1.578169459198154045e-01 -2.370612766284250772e-01 -1.995632007752282111e-03
1.968293096161298494e-01 -3.157600804698092456e-01 -1.152169490354227471e-02
5.731860622013300322e-02 -3.361507186500140576e-01 2.772451359148615097e-02
-1.128793110057456014e-02 -4.577784222906923217e-01 -1.422530955146178167e-01
-4.365591405495677924e-02 -2.754449001264183683e-01 1.394294364869160495e-02
-1.220638264090913999e-02 -4.628385993880488880e-01 -1.179228219986217796e-01
-8.686493441314908914e-02 -7.031489368634153969e-01 -1.534724676229898555e-01
-8.948528426559648752e-02 -4.419725327805240078e-01 -5.747471587901055445e-02
1.102111033814640595e-01 -8.092740478820891203e-01 -3.820181775993296280e-02
2.065578208211686362e-01 -4.278607533886330527e-01 -3.698292006092514933e-02
1.583327486734737444e-01 -3.135393821100516676e-01 4.542328277345160370e-02
1.046555419709205709e-01 -8.835716508736550789e-01 2.763960204391032946e-02
-5.118545041365995391e-02 -7.705971961030585460e-01 -1.791394907128235903e-01
1.475314682845604852e-01 -3.164536316407968175e-01 4.933476503131803415e-02
-7.319807418804324950e-02 -2.301896019019117889e-01 3.449959082127519727e-02
1.046425886630039104e-01 -3.154960767910078845e-01 5.935027748203790254e-02
2.026235084632659333e-01 -2.086228006908364963e-01 1.172789205607008799e-02
-8.780537026970292036e-02 -7.373192393063983108e-01 -1.577758754792306928e-01
6.361590665782168585e-02 -3.211098023422324643e-01 4.288191445509371980e-02
8.661887794479647407e-02 -4.877380953000556851e-01 -2.170551379273914089e-02
-3.496672419799912862e-02 -6.306764353450033944e-01 -1.805317473497862757e-01
5.931403094398814135e-02 -3.257363577614933448e-01 3.489514168837061503e-02
5.227333665096781101e-02 -3.266643887161255755e-01 2.454380488927621062e-02
-1.425350098376197000e-02 -3.357082725109549748e-01 -3.110062196270096946e-02
2.134282007933769321e-01 -5.331383728743503969e-01 -8.584721602148051578e-02
2.135647747986218481e-01 -5.411020726660402680e-01 -8.563038391199351285e-02
-3.182518151603208612e-02 -3.343294245211262949e-01 -1.529897080366557360e-02
-4.695204549896804525e-02 -3.361528344399535295e-01 -7.472616302726831083e-03
-6.475346774421095186e-02 -3.375464634862561653e-01 -2.332370029344301571e-03
8.394737495538011351e-02 -8.450168097429109348e-01 -1.838914716164728735e-03
-4.570043751311368696e-02 -6.819267235345790601e-01 -1.826789983096960557e-01
1.744302458561200475e-01 -4.261795784575583834e-01 1.183861597323419661e-02
-4.551436577388132121e-02 -4.879503068293753465e-01 -8.781507664912607813e-02
1.921496359316788305e-01 -6.467301402266680821e-01 -9.329550628232737008e-02
1.574805095195712934e-01 -6.975431733249257693e-01 -5.484575578833916776e-02
8.497085940711192331e-02 -3.473822620154571328e-01 4.617249362461920553e-02
-5.063448011333898657e-02 -4.817379190632313790e-01 -8.306362880361498058e-02
1.941211085458330321e-01 -6.383185333937650974e-01 -8.627023877147929620e-02
1.960518344498965448e-01 -2.634051404470054703e-01 1.284286796993806823e-03
-6.070646288509318894e-02 -2.994010109161739375e-01 1.115357283459777853e-02
-9.373600434607401444e-04 -3.513912957705343509e-01 -9.649520158877604448e-02
-3.153324533053662032e-02 -8.000631831585385267e-01 -2.293857906386193024e-01
-9.782246280550747908e-02 -3.377526783858890158e-01 -2.615999833592640156e-03
-3.960788075332347113e-02 -3.903985332085053161e-01 -4.484528740482347786e-02
2.047947794819987011e-01 -4.433733854214664816e-01 -2.278613729443555724e-02
-1.064056047400964711e-01 -3.406499044980713653e-01 -6.340561113345515032e-03
-9.875214274891183641e-02 -4.653420272092105292e-01 -6.816467746760300483e-02
1.465721061255929325e-01 -3.370804700387038944e-01 4.350964278300097077e-02
-1.160483476612685499e-01 -3.393578608073781755e-01 -9.878835284075099255e-03
-3.366404491483834110e-02 -5.895947762212128129e-01 -1.379181933473656307e-01
-1.256735745720976016e-01 -3.412379317346825869e-01 -1.944887400239166120e-02
1.348486566811719911e-01 -2.654666465446228751e-01 6.661137136555290994e-02
1.870606524699090778e-01 -3.895091147849434332e-01 7.935081483625303078e-03
8.048241928346397400e-02 -8.053325914175687439e-01 -6.659228459924522447e-02
-1.340886730714233865e-01 -3.436955019756637308e-01 -3.225788986410452197e-02
2.105380999417979515e-01 -4.992156932748315068e-01 -8.086687163221303876e-02
3.075998606332806806e-03 -3.359872465813258935e-01 -6.842933804409080667e-02
7.141247374475256232e-03 -2.215347878365447887e-01 6.704566128198148622e-03
1.279421267938207762e-01 -4.258342741033456780e-01 2.059233341802883810e-02
8.702581051901583931e-02 -5.610488020620013616e-01 -4.434208246889774496e-02
1.413067870843890128e-01 -2.513360548078677481e-01 6.731913605525252642e-02
4.649062914137339075e-02 -3.150539012285641371e-01 2.581101043674357762e-02
-1.210137662481811094e-02 -4.440283439010655475e-01 -1.266437391956328762e-01
-1.301628178717801065e-01 -3.284953023637472436e-01 -1.716563495279204571e-02
1.978879319031109640e-01 -4.074569061380308166e-01 -1.078717927123964970e-02
1.208251439831709850e-01 -2.135629098653675506e-01 8.350606273515404077e-02
2.005255975954249315e-01 -2.455639182730307846e-01 -2.553979760910301405e-03
-5.821630013567314493e-02 -4.093219330822943092e-01 -4.596628199944126358e-02
1.972881928807632135e-01 -5.336664613762469589e-01 -3.277310264680427521e-02
1.511506360535498639e-02 -2.589333914244558166e-01 -1.089530160416695564e-02
-4.820086568090742318e-02 -6.082432689147269089e-01 -1.346051596488623547e-01
3.556204564589066780e-03 -2.604283960723622893e-01 -1.741000562063697854e-02
1.873289031598044108e-01 -3.714675487064488246e-01 9.424488757859623977e-03
1.600923355035832885e-01 -7.260734034417922755e-01 -1.227977082847090951e-01
2.034091196603116380e-01 -4.219683272767623672e-01 -3.377069184949769293e-02
-9.498920949854552931e-02 -2.830306203561188672e-01 1.619671430765799031e-02
-4.330824894058015601e-03 -2.312138388622321516e-01 1.614433340651623416e-03
-7.770906057815345214e-02 -4.288978298488375640e-01 -5.123275136297755772e-02
-2.780281133159159812e-02 -2.595763764600941825e-01 1.083382935721915671e-02
1.026230275960146182e-01 -4.486438429236808134e-01 -4.753524669664548064e-03
-1.089807884191203169e-01 -2.653360396840781510e-01 1.945493962882468078e-02
-9.716461681520738303e-03 -3.233214069834231541e-01 -2.897222199278041976e-02
8.633457104532558934e-02 -2.805851498061550098e-01 6.677608494969541897e-02
1.723106619888543911e-01 -6.804022414375248129e-01 -6.076565367828133668e-02
1.703740982935023907e-01 -2.120304608253364975e-01 5.960810375184395077e-02
1.875000290236056300e-01 -3.534465742628443152e-01 1.058022946725900061e-02
8.625284775884289878e-02 -7.752647773319051305e-01 -7.349856158178906529e-02
9.867402811330393264e-02 -3.568738629266198226e-01 4.621761886903555383e-02
4.503152506041067232e-02 -2.201346293114434804e-01 7.539940366731354149e-02
-1.104941873905421895e-02 -2.605276107750666426e-01 -3.921116792661865497e-03
-1.305935884781290190e-01 -2.676798849043911521e-01 1.160943482003988329e-02
-1.240445975964757364e-01 -3.051190041024054445e-01 -1.207511313693891697e-03
2.078466686210258818e-01 -5.334647441127808865e-01 -4.846055867774051729e-02
-1.400364502853895798e-01 -2.707590992942474628e-01 4.932314880324955436e-03
-1.126143533012626818e-01 -3.028533969600123443e-01 4.555536033393061540e-03
-1.181105849350034750e-02 -5.376564260698267761e-01 -1.495299897036574954e-01
-7.370064379043947400e-02 -6.760747282316981188e-01 -1.489388566239071565e-01
9.404115656323744354e-02 -2.395507452762594969e-01 8.067691093216572407e-02
1.667671978034650782e-01 -7.700537783075913634e-01 -8.748123801783379283e-02
-1.403822901041428262e-01 -4.890801948043421166e-01 -9.527733743900899943e-02
-1.985007718846807864e-02 -3.958872882265548898e-01 -6.140277682703945694e-02
-2.037177925891348051e-02 -3.721615598864708163e-01 -4.730691321343911959e-02
2.095912005942258405e-01 -4.437683624322781295e-01 -4.090319025531623243e-02
-1.128875273003430990e-01 -7.826460962706723867e-01 -1.484714873578980576e-01
-6.892355681044756363e-03 -5.016559592841258741e-01 -1.492987690811921342e-01
1.377396327018430566e-01 -1.985299038525691062e-01 7.978886813963839697e-02
1.758417083926859803e-01 -3.899111879107672318e-01 1.782329984720980656e-02
-1.353626976862646325e-01 -2.377956201463377051e-01 2.199821517995562137e-02
1.042146762464307846e-01 -6.873115884992061497e-01 -6.901958567043757486e-02
-1.355503197503575286e-01 -3.199391443456073847e-01 -1.809092188154239750e-02
1.974122123025050524e-01 -3.895733756509270340e-01 -1.185364731960086154e-02
-1.458861380330603030e-01 -2.216773858467351310e-01 2.143346392619632085e-02
1.363128450650579471e-01 -2.308052159412491977e-01 7.387771567741878431e-02
-1.517897989295804717e-01 -2.586117351716961665e-01 -2.738573963939547329e-03
-8.718081365831098495e-02 -2.588149515557276459e-01 2.530680858377713435e-02
1.939742930423439260e-01 -4.254243049997208925e-01 -4.043496568879926395e-03
-9.532179168836155125e-02 -8.497955536916210750e-01 -1.295185642542464877e-01
-9.116907926755435029e-03 -2.447014090684566934e-01 1.336108919265457939e-04
2.037875707759154165e-01 -4.118962659469473375e-01 -3.215506406919899779e-02
-5.530773914027171945e-02 -5.327014476559321920e-01 -1.001936493942226780e-01
1.630625060301343354e-01 -2.079602366083886378e-01 6.497397325386354561e-02
8.663480453979793827e-02 -8.546253636041252211e-01 1.414646753653487493e-02
-4.475485647812388335e-02 -7.018448006400007655e-01 -1.956117773839751717e-01
1.975349349341615490e-01 -3.355935807988272290e-01 -9.728506703937843392e-03
-5.687900624545626227e-02 -6.827522606153942908e-01 -1.638225449010777268e-01
5.237691494125099045e-02 -2.747960610452422903e-01 5.647716312885985718e-02
-1.112120425125640161e-01 -2.502738234858623567e-01 2.464419392114879440e-02
8.713538374295191902e-02 -4.114187313704835147e-01 5.508116309938294181e-03
1.439009536862742578e-01 -4.412641459485071582e-01 1.378717001743023224e-02
1.815476429555125948e-01 -6.795460606813122917e-01 -8.001106821282216730e-02
-9.734335972868303488e-04 -3.547063149119546455e-01 -8.685305165689523321e-02
4.245325169565483669e-02 -2.060328219410675066e-01 7.990328617052927518e-02
-5.426255929749622398e-03 -3.089885343767683756e-01 -2.763188806960520383e-02
-1.348461520824220106e-01 -4.884711479308797566e-01 -9.009481424642575009e-02
-4.857869545689662283e-02 -4.637734042018435421e-01 -7.682958161879169245e-02
2.073714818975469498e-01 -5.909538559076880082e-01 -9.001469009910817443e-02
-1.243575137480056464e-01 -2.476261637561892048e-01 2.256957935621060896e-02
1.422821580055312340e-01 -4.139246052813183030e-01 2.637422470676774322e-02
2.132335709272100144e-01 -5.211899832500860308e-01 -8.613729452659368846e-02
8.392578703926871497e-02 -4.537735557408938969e-01 -1.604835056016282874e-02
-1.171547448926225782e-01 -2.206858195077195661e-01 3.429440837516158080e-02
-2.971361165589306644e-03 -3.646801084284317374e-01 -7.624790933545881610e-02
1.400501478864218385e-01 -5.985081462816481679e-01 -2.626071233506283020e-02
1.237813255488354192e-01 -8.523163413255816501e-01 5.363822937377450695e-03
8.093824902180561665e-02 -3.225946029700121898e-01 5.287087886722331709e-02
-1.979360542757137298e-02 -3.519244085148295342e-01 -3.563685658390866595e-02
1.253331117899581792e-01 -7.358102191663993263e-01 -5.572255136938229769e-02
3.737637797108325083e-02 -2.282356130983041187e-01 6.640235201546709765e-02
-5.967250247942035291e-02 -2.871926027033158690e-01 1.508422871324821557e-02
-9.916607215233716466e-02 -3.204572467443930761e-01 2.996807995338860581e-03
-1.489498360983512459e-01 -2.526663610310370123e-01 5.212569713490759760e-03
-9.451274093106604157e-02 -2.658599011957256120e-01 2.205779876564586961e-02
8.038223251048393081e-02 -2.212292430694280665e-01 8.417330532791778008e-02
1.465959807706136708e-01 -2.403107616863927598e-01 6.737760923999783214e-02
1.940504967775061040e-01 -4.074233942097304495e-01 -3.213853262715133524e-03
1.641948812976308514e-01 -7.520337953178160006e-01 -1.181897221579066570e-01
-6.594843395142580000e-02 -2.208856813903912752e-01 3.711889022538600313e-02
1.672066532406856765e-01 -3.943266496144555155e-01 2.262676526940490471e-02
-8.489037175526162327e-02 -7.766670003924266430e-01 -1.490234491810364104e-01
-2.005505779319016052e-02 -3.318121006761296510e-01 -2.323013685080881768e-02
7.021046466377250939e-02 -3.102857135766189378e-01 5.201248867775677687e-02
-1.039926928195495509e-01 -5.038672218659286939e-01 -8.153096705883908224e-02
-7.793175454498980914e-02 -2.833073956897910750e-01 1.793017610922925664e-02
1.157575712531194734e-01 -7.187266490232050442e-01 -6.037607549480518421e-02
-3.806720647128509355e-02 -2.303581910151463463e-01 2.633159994576522375e-02
-8.921082667444728276e-03 -4.104692424191818123e-01 -1.119159796844516053e-01
-5.295805048210139310e-02 -7.530689666274962280e-01 -1.782430378211498911e-01
-1.394277308315801100e-01 -2.185879565198122487e-01 2.709283841744367094e-02
-9.982318914547805289e-02 -3.036010897500073247e-01 8.185863027617378690e-03
2.052875040964381170e-01 -2.031929008230533573e-01 -6.603887290946755528e-03
1.873201125183947269e-01 -2.344570427907084198e-01 4.136007267802759707e-02
1.954375419416261583e-01 -2.820843552778625196e-01 -1.523043745230207718e-02
-3.990776825959690965e-02 -2.455774436175818809e-01 2.197909397082864827e-02
1.834429598839398268e-01 -2.104520773692222790e-01 4.955229870872897291e-02
-5.311013092917447886e-02 -7.176257351067932833e-01 -1.763891538561523920e-01
-2.423091382230483856e-03 -2.960724814482366130e-01 -2.613945887516100353e-02
1.574660417404897539e-01 -8.866449546964729755e-01 -1.019336144571923730e-02
1.962231568186226516e-01 -3.584173339630846167e-01 -2.876559175568010884e-02
-5.989548929428022833e-02 -5.930017285351598666e-01 -1.216864763416577455e-01
1.535816773128025614e-01 -1.977124568331989074e-01 7.194408522598139122e-02
2.151092968333179478e-01 -4.779811018480178975e-01 -5.761356280724430623e-02
-1.129458179928787970e-01 -2.345227569777324494e-01 3.015181213438560687e-02
-3.780297702085259892e-02 -6.392707152039986962e-01 -1.905278946661151662e-01
-9.126014363625437054e-03 -2.242286578298027522e-01 9.638699098192857195e-03
1.371180125748241163e-01 -2.126498170193320825e-01 7.721166876030938209e-02
1.720472747670702962e-01 -4.820986264907932695e-01 6.831222186846064304e-04
-5.039174921647897321e-02 -3.291647855624205143e-01 -2.786884523386816415e-03
-1.004750771483696320e-01 -7.030284928815938583e-01 -1.559131172109113062e-01
1.639361497922670607e-01 -1.972112628240738075e-01 6.600573939440945725e-02
-1.376192139260992708e-01 -3.363637254477704341e-01 -2.570322454888859798e-02
-2.485585318748331426e-02 -8.140547241112121579e-01 -2.253609494513948985e-01
3.136809906352087951e-03 -3.323251632831055180e-01 -5.704740819875950275e-02
3.752622947986092999e-03 -2.308177828881398663e-01 -2.904150945038000420e-03
1.446697554805868591e-01 -6.277781254848026071e-01 -3.437871905701689323e-02
9.443089121018806431e-02 -5.582883184926282771e-01 -3.630419361648555554e-02
-1.536326537716100650e-02 -3.150160404968270211e-01 -1.928100044430894333e-02
1.345242145241921650e-01 -2.461815916674345017e-01 7.132414350183949314e-02
9.092541737102942390e-02 -3.948444024266944408e-01 2.190582529598016429e-02
1.566243163293217500e-01 -2.327435886864485937e-01 6.399617437541904597e-02
1.045498026095547511e-01 -2.004841052882553598e-01 9.030378242414308088e-02
1.470532842864760714e-01 -8.434738873485124744e-01 -2.073232780415182330e-02
6.790883571995769141e-02 -2.349752114252737778e-01 7.808781257626604133e-02
8.644832209015571034e-02 -2.017806381431120066e-01 9.038498241393314037e-02
1.866933017975507259e-01 -4.075713863411006277e-01 6.105231739645666789e-03
-1.329059484691055837e-01 -2.530379935147752390e-01 1.677850533013795428e-02
-1.282218355720960434e-01 -4.756418239356773880e-01 -8.079889244195183340e-02
-1.060189861085456681e-01 -2.785342946840909661e-01 1.537476713650665419e-02
2.050777495241889181e-01 -5.507812411214418891e-01 -5.112077311809994085e-02
8.197908383237519081e-02 -3.334637511534819798e-01 5.017263672199576141e-02
-1.280597686967533955e-01 -2.195877852977766442e-01 3.148970586792800008e-02
1.278989457243651096e-01 -8.928699804207312907e-01 3.394405896151142521e-03
-4.115215625062790261e-02 -6.655351076799490562e-01 -1.924766181638169482e-01
-1.128283858815086194e-01 -5.791241042293903130e-01 -1.083837367034656274e-01
-3.622853164281106264e-02 -4.996652884848821197e-01 -9.780443469141281154e-02
-1.406125121025464386e-01 -5.681910456697776279e-01 -1.262055262804587796e-01
-1.197060910111740484e-01 -3.222707349852729775e-01 -5.298363376061918095e-03
-1.135874914647733991e-01 -4.003107603196873754e-01 -3.745540831354436662e-02
1.542577807274207180e-01 -5.351807921855767924e-01 -9.210799731491504938e-03
1.155557403659565052e-01 -3.026047513824415836e-01 6.262721019595800243e-02
7.602477327205522939e-02 -2.025786739638093525e-01 8.917126913208139882e-02
-1.077948909968021174e-02 -4.314105106978403104e-01 -1.327678903308303349e-01
-9.674083539288714367e-03 -5.009920596922983194e-01 -1.351229019898915196e-01
4.749108452030291472e-02 -2.365263820844019371e-01 7.041665309683978191e-02
1.986577001736621328e-01 -2.285993629001176475e-01 1.822926177206518963e-02
-9.028360509167621117e-02 -2.469181464825797312e-01 2.886458189352105949e-02
-7.418993483994340554e-02 -2.630925825096735449e-01 2.419289865092360062e-02
1.962493565421771780e-01 -2.665924362799254599e-01 -1.195778978596923059e-02
1.801592184441737077e-01 -6.447398187398468705e-01 -5.603326131912479691e-02
6.536605101655509897e-02 -2.034267503452354964e-01 8.714519750189195224e-02
1.079563273475434987e-01 -7.255285547236248744e-01 -6.660951879314376545e-02
-1.279151883422362246e-03 -2.541559642383823814e-01 -1.168123836022960660e-02
1.080884917456464145e-01 -5.225097698832232851e-01 -1.729955561497484307e-02
5.101421695739030704e-02 -2.042062859037835909e-01 8.351705442094380094e-02
9.930973619754411563e-02 -4.011201496455588655e-01 2.454309320165079175e-02
1.977366904314214469e-01 -2.556195592356169111e-01 -6.511641782631048814e-03
-8.258850194516810517e-02 -2.692510613551013510e-01 2.229822870374534305e-02
5.728228226766080011e-02 -2.377868290566781395e-01 7.446495204288017256e-02
-1.433418864163234496e-01 -2.473940643723011035e-01 1.276266837606017043e-02
-1.568956102846007228e-01 -2.225954811848666615e-01 8.529457485509660958e-03
-5.994886734054398481e-03 -3.873029158718426790e-01 -8.732910357224624165e-02
-1.042527559782431001e-01 -2.282076608270457441e-01 3.376763025187318190e-02
1.970134149121281764e-01 -2.447928254665799608e-01 1.553524122421007757e-02
8.228243691726534748e-02 -4.170754081255594325e-01 -3.938990622409131032e-03
-1.095307974547910373e-01 -8.280071824886904297e-01 -1.003893600930226837e-01
1.736853274171066275e-01 -4.443218684439758093e-01 8.711655580483326777e-03
1.442034475893619605e-01 -3.915364303985705563e-01 3.366872291443588627e-02
9.027195415553895819e-02 -7.432871275504776554e-01 -7.943647135810705251e-02
1.933372942312917009e-01 -3.564663277653108975e-01 -2.478018773504832295e-02
2.011713792746765150e-01 -2.300119298134904455e-01 1.512797419899077067e-04
-4.803520299089596851e-02 -6.711537756314902570e-01 -1.713399162154699007e-01
4.923411844116611091e-02 -2.902102354429955677e-01 4.291149970040726569e-02
1.596405445077961338e-01 -7.998444483167427288e-01 -7.139766736206769326e-02
-4.466903532327302223e-02 -8.442694520181461826e-01 -2.136331292950679750e-01
-9.009559706554645664e-02 -4.093040434469576438e-01 -3.833682953412531624e-02
1.011046813622107493e-01 -6.681834414332010752e-01 -6.756165622511604851e-02
-1.432483443252300925e-01 -2.336738810515288645e-01 1.869860473622965771e-02
1.971039548585269974e-01 -3.796466608891435057e-01 -1.259715826097881908e-02
-2.534717118573472788e-02 -2.117339544524707018e-01 2.690660672391711333e-02
-5.017829645565825836e-02 -6.848849327576764789e-01 -1.739395704560019185e-01
2.034809795339344862e-01 -2.103377957675436616e-01 7.950995720232938158e-04
1.815384071250019521e-02 -2.708439174067968080e-01 -1.467440722746830850e-02
2.018438304279699669e-01 -4.980448581167939981e-01 -2.559507404683259574e-02
-1.350522995566010298e-01 -4.554020292628152000e-01 -8.630283194570692595e-02
5.256368033254459060e-02 -2.135807191495361079e-01 8.093349381618165916e-02
1.484538857016334257e-01 -3.240618754167529092e-01 4.622702258593510555e-02
-1.256191458566932040e-01 -2.924210313692631180e-01 3.007158749170246032e-03
-6.983129056428502568e-02 -2.145785538624750965e-01 3.955162087365008544e-02
-6.634751557347978723e-02 -3.545508802816387250e-01 -9.929466412377470352e-03
-5.382171570726845128e-02 -2.140133600458820617e-01 3.745565165274152702e-02
1.433048994863833636e-01 -4.037166479237335737e-01 3.020325158334724591e-02
-6.291053623707619849e-03 -2.115599220161751837e-01 1.394021463059589780e-02
1.680012964131240294e-01 -2.291693259897689128e-01 5.820487759895018320e-02
1.480062833731453642e-01 -4.540886574997990976e-01 1.018500317543191182e-02
-5.271793900061308435e-02 -3.721868267950445008e-01 -2.594129330257408106e-02
1.595400089582665326e-01 -3.902565421494473274e-01 2.717811527106677935e-02
-2.753912533098673565e-02 -8.251942182189077046e-01 -2.164844520256162530e-01
1.363936151473233160e-01 -4.482181676193654485e-01 9.419689878934579819e-03
2.005212073364514291e-01 -2.117399672027129864e-01 2.054366449706178724e-02
1.080735566541884130e-01 -5.949231581065762553e-01 -3.763317477467612027e-02
-3.594631736818430789e-02 -7.900766299331272169e-01 -2.284089723748123912e-01
1.507926779230424896e-01 -2.642474624519796089e-01 6.028053985763091177e-02
1.281346944925293718e-01 -8.165818586000195278e-01 -3.484732455754437769e-02
-8.923701045286040745e-02 -4.892995520149805433e-01 -7.654269246918980751e-02
-1.154769714808804443e-02 -4.282991245599748753e-01 -1.163015999415946411e-01
1.916349050915181207e-01 -1.961388652819552880e-01 4.354556486521750369e-02
-8.191197545818479364e-02 -3.373247283125803686e-01 -5.633793252287355724e-04
-1.182112181323349553e-01 -4.861606729303287189e-01 -7.905236378897775862e-02
3.482523406666342830e-02 -2.142247050073896597e-01 7.191621356747956995e-02
-1.705452128941465362e-01 -8.397166035368079928e-01 -7.618146953849176672e-02
-5.012341737447330303e-02 -3.528836546791703777e-01 -1.463323481837601470e-02
1.358908794520790608e-01 -7.966479436198857789e-01 -4.908097163853897271e-02
2.037632811710593517e-01 -1.963911967078431076e-01 1.602208387524352989e-02
1.723763884546231639e-01 -1.968336760621575143e-01 6.040680592198905546e-02
-8.961638416440413646e-02 -2.165198111010945559e-01 3.902198337254116078e-02
1.153323198908935976e-01 -3.191123404872013292e-01 5.788497140955640302e-02
2.020564033806374060e-01 -1.961883952914366402e-01 2.399473012001434105e-02
1.838456307828151559e-01 -1.963785840803292937e-01 5.137731103387339210e-02
-6.691970872059176123e-02 -8.073706498722561520e-01 -1.505649915666305849e-01
1.413478250703416594e-01 -8.069864121211574037e-01 -4.736251521774077766e-02
1.519650721301757101e-01 -2.464701502615727347e-01 6.347963910155615674e-02
-7.754369300482857885e-02 -2.176525536281936624e-01 3.892164426458290943e-02
5.709750623922686674e-02 -3.444735654176380169e-01 1.979428548203571864e-02
-9.398774031976728921e-03 -4.673693574309468191e-01 -1.360784786612085351e-01
1.811386768716035378e-01 -3.372328395784019439e-01 2.086863394366861649e-02
-9.543031831126141951e-02 -8.136161220789089876e-01 -1.189590659334688605e-01
-1.385069250585725942e-01 -3.072121311937623944e-01 -1.400783551521481846e-02
-1.527785867172547496e-01 -2.362754248197910523e-01 8.395063350320874224e-03
-5.313149306920929987e-02 -6.651100979117129386e-01 -1.609841913034862904e-01
1.552912997943917406e-01 -4.020115886668341743e-01 2.644285312455014331e-02
9.898712049408478486e-02 -2.853353481869030372e-01 6.709703059474589337e-02
1.969887575869019580e-01 -6.258826058418246463e-01 -7.999332150960923593e-02
-9.090907544369952742e-02 -2.307819994482491477e-01 3.413935895262665277e-02
6.602468468352748476e-02 -5.283775856401640159e-01 -5.214126356930673389e-02
1.725189104944613028e-01 -6.437795588640187194e-01 -4.869687762897623173e-02
3.050066191953309386e-02 -2.208537019880345842e-01 6.378840865683685357e-02
-3.732141796343330098e-02 -3.710077149596899826e-01 -3.392032293073685839e-02
1.198882544997210697e-01 -2.317462354348597264e-01 7.971958664409106721e-02
1.994073942159398372e-01 -4.254018554481559522e-01 -1.305324205774860413e-02
4.952140557569158219e-02 -2.513348543010098801e-01 6.585558389305845584e-02
1.133022435233101421e-01 -4.502901881381933813e-01 -7.211320124351286442e-04
1.828129130823671344e-01 -6.826950538560265791e-01 -9.419709437572300337e-02
8.378901866778805385e-02 -4.322994012055266233e-01 -1.123183543728006190e-02
-2.276393779267811557e-02 -2.264993088647488939e-01 1.917436034041986037e-02
-7.615451813237660017e-03 -5.118013334467785835e-01 -1.520984120246683113e-01
-1.352832104557706860e-01 -8.451274751923442130e-01 -7.521701404058267482e-02
8.357437365442899058e-02 -2.347059417126640124e-01 8.087340304415027714e-02
2.053603112902961381e-01 -1.968996282831697864e-01 7.537743951458973635e-04
-8.225184221652218075e-02 -3.533808846205485632e-01 -7.609864636774335556e-03
1.035997743239544522e-01 -5.768843155520706478e-01 -3.539408009518886511e-02
5.251040068739323829e-02 -3.087058313515987362e-01 3.628768078169912481e-02
1.471251212542842024e-01 -8.013831888330054110e-01 -5.447385426875658854e-02
-1.118261976320181900e-01 -6.889420867478797117e-01 -1.596407599544729383e-01
1.036350850557269804e-01 -2.146661586455630988e-01 8.671966426309603293e-02
-3.863493049264775381e-02 -5.171714774474339693e-01 -1.025435298513413251e-01
8.247469237701131328e-02 -3.792758886976143051e-01 2.432346619283009409e-02
4.291583009694198425e-02 -2.538026697947878829e-01 5.892162997890304510e-02
1.698963814800951710e-01 -8.400690782034627713e-01 -6.909172779132767561e-02
-1.097690284497434415e-01 -8.128280323271288577e-01 -1.110916734409710394e-01
-1.330978061578914073e-01 -5.246344464731501622e-01 -9.906425046591013639e-02
1.789283053870749651e-01 -2.621505020551126441e-01 4.437467432081909635e-02
-1.873392256701969863e-02 -2.958525400554812834e-01 -8.351380871561973895e-03
1.827273356797727011e-01 -4.589450576849412600e-01 1.250352765510533148e-03
1.152583386748138039e-01 -6.705907953087922868e-01 -5.365686482732809348e-02
-1.220747884753994039e-01 -4.516102537671161654e-01 -7.001840464882544413e-02
-7.414792152736182640e-02 -2.477543262380479117e-01 2.888568544002999977e-02
-3.001555073177521529e-02 -6.162035901899116652e-01 -1.769171711399847025e-01
7.078523594501714977e-02 -2.501280404303276583e-01 7.431115120946590880e-02
-2.769774748657493485e-02 -6.017240657385660718e-01 -1.685128355161481795e-01
1.215747979504931964e-01 -1.994158519798015228e-01 8.652311475972979116e-02
1.913461773514979203e-01 -2.041937251458492142e-01 4.230126682914624181e-02
1.673644189408808325e-01 -5.540349233956778363e-01 -1.751620235927853209e-02
1.726579131419002933e-01 -8.552959648094372591e-01 -8.379359605550168455e-02
-1.099421760701402156e-01 -7.965852675867589605e-01 -1.284469396454981371e-01
-7.283516020043975803e-02 -7.786577720499368027e-01 -1.538176976812635488e-01
9.728966052577329993e-02 -2.514156555466142140e-01 7.762189104974262510e-02
1.127391623263294396e-01 -3.391710128764164889e-01 5.181533652456754568e-02
1.953833416294490644e-01 -2.104643120631101705e-01 3.399542092941165022e-02
-8.688136721680823904e-02 -3.743474427789316716e-01 -1.877111748091011417e-02
1.162749782856906944e-01 -5.905658782744932500e-01 -3.106194993069508886e-02
-1.158254783373333097e-01 -7.932711884626292287e-01 -1.346950625633666909e-01
-5.571379362888324166e-02 -8.249325170114811812e-01 -1.702779624762144339e-01
2.585242991306860305e-02 -2.070040403621240532e-01 6.901614268232500460e-02
1.056256263427951814e-01 -2.467814221024592636e-01 7.871128742248648114e-02
1.874111088313472062e-01 -2.809623624547768483e-01 2.638502469989403507e-02
-1.224777097092522304e-01 -6.538025434139866920e-01 -1.530994171640467638e-01
1.794392425077666331e-01 -3.543157335152880005e-01 1.976659924580014688e-02
-5.397269994194285603e-02 -2.227991924677903135e-01 3.435725247803287502e-02
1.190134466505072819e-01 -2.479177473040579671e-01 7.620949366087287347e-02
1.849210848378040062e-01 -5.353926682266537673e-01 -2.189171580353924118e-02
1.108567830588878256e-01 -3.261576953945082291e-01 5.613694723039075463e-02
1.972147575753591675e-01 -1.960853759257369655e-01 3.503818006718933953e-02
-8.605375481376627278e-02 -7.951912747330783793e-01 -1.363224816917809057e-01
1.458309626233598166e-01 -3.552219901844020367e-01 4.039564999835974779e-02
-1.165155402349092456e-01 -4.328564889699013096e-01 -5.738122681279878012e-02
1.190528953490717079e-01 -8.470842113916186022e-01 -1.541839542982363642e-04
-9.951511095669941798e-02 -6.322751997339468577e-01 -1.287007672154269478e-01
1.869607288575962367e-01 -2.445240248817620587e-01 3.980998273791381409e-02
-1.120696802903840966e-01 -6.315585002054469044e-01 -1.316824284288810043e-01
-2.583551981699815786e-02 -4.085281692409492016e-01 -6.335657365562273602e-02
-1.406904821071501832e-01 -3.246866846446540000e-01 -2.757392811668337579e-02
1.921811487340227553e-01 -2.439503795688134080e-01 3.134414256323154319e-02
5.938963203141463254e-02 -2.894732500878909875e-01 5.288179320901902070e-02
2.012319304023679201e-01 -2.434532478759312557e-01 -7.961905640921224103e-03
2.025441140477813595e-01 -5.360538845617079939e-01 -4.033870949481352386e-02
-1.254086682045180701e-01 -8.150288594459935698e-01 -1.049013990055735202e-01
-2.255979623975187462e-02 -2.629493103464388692e-01 5.890898414405664613e-03
-1.495616979367137278e-01 -2.746897986092063926e-01 -9.425322859781475049e-03
-6.508245643820172177e-02 -4.647311428056976612e-01 -7.125807935045185004e-02
2.098357223713767372e-01 -4.794032317243713259e-01 -3.428054750632275605e-02
1.715676085727923239e-01 -8.402273864422334926e-01 -8.429248157695182209e-02
-1.127377962852269544e-01 -8.034661401514753276e-01 -1.209752337021524904e-01
1.976978548396077229e-01 -2.510657789679521801e-01 7.317675903314228153e-03
-1.039769403467616093e-01 -8.237252478948150491e-01 -1.071232451042996026e-01
1.053865962427733838e-01 -3.801708573544024805e-01 3.814365273199245288e-02
1.768178061637744325e-01 -6.254253241012832643e-01 -4.605020570155485271e-02
-1.485622050030410424e-01 -2.804733916121815995e-01 -6.180925911443979626e-03
1.924127266173357997e-01 -4.440686307353685081e-01 -4.063622676534525691e-03
-1.043333769637249872e-02 -5.403739974340339147e-01 -1.626623804406649998e-01
-1.352375094002441214e-01 -2.865753925606738806e-01 1.571598812320287863e-04
-1.661168935517056133e-01 -8.600707664793902918e-01 -5.703382325880217152e-02
-3.921883416326314709e-02 -2.207408936862052806e-01 3.030800662953288954e-02
8.286502494060685176e-02 -2.670924410746713384e-01 7.096945420104450175e-02
-1.286507714048856221e-01 -2.805089581401678522e-01 6.810847287137457989e-03
-4.114219340900383132e-02 -2.618251986930084652e-01 1.723355713626838551e-02
-9.619106392353974494e-03 -5.196539320555789709e-01 -1.453941337628029129e-01
-1.196690520266080748e-01 -4.681084876007301498e-01 -7.426784981456410750e-02
-1.156585199849011897e-01 -2.854434881268672619e-01 9.742513503961575116e-03
1.703675436041530156e-01 -3.028793315679864095e-01 4.095825981003271138e-02
2.093410495048525499e-01 -5.534341256504329287e-01 -6.249833426142066550e-02
-9.635164510258630022e-02 -2.527805127075991032e-01 2.630005317292698902e-02
-1.731321956414121344e-01 -8.700507378324359165e-01 -8.140235920895774746e-02
1.243617038922519361e-02 -3.025952213177785510e-01 -4.910007096896069900e-02
9.317120516132661179e-02 -7.558026600780906046e-01 -7.334547360801892124e-02
7.875932874108322601e-02 -3.047677675024126898e-01 5.711161746161362573e-02
9.508607288036421967e-02 -4.688057439085257516e-01 -1.280571341073936942e-02
-8.735738508776423605e-02 -7.552085278591773587e-01 -1.568046835261244221e-01
-9.481789214147556821e-02 -8.046807107427094152e-01 -1.252145140692985936e-01
-1.331158032666158175e-01 -3.022961247142198493e-01 -5.731861711293122913e-03
-1.463052208485709355e-02 -2.781345856769792402e-01 -6.187821790164138580e-03
1.411805503686786034e-02 -2.365993265471481588e-01 2.100910177003818824e-04
1.877617527159530508e-01 -3.354066969007816201e-01 1.204720400217539067e-02
1.516955365833719538e-01 -8.760433545377623865e-01 3.589446871727013100e-03
-7.361079683050929592e-03 -2.801468625925898626e-01 -1.435100605077586217e-02
-4.034097180424996154e-02 -7.881598347524482184e-01 -1.993248184860112737e-01
1.361344420093345969e-03 -2.779572202103618994e-01 -2.301625668988240003e-02
4.531619341037172038e-02 -2.670724440799137622e-01 5.439475303215902946e-02
8.359021272905255151e-02 -4.598396807522827645e-01 -1.739048137628747964e-02
6.364714252905902259e-02 -2.692626831411434329e-01 6.499045514309291505e-02
-3.469588124153114017e-02 -6.084977991661961738e-01 -1.491394594137204488e-01
-6.160302489800726505e-02 -3.298476214161318310e-01 2.082287823623636680e-04
1.935306978694240343e-01 -3.004830956102986783e-01 -8.516994563453929301e-04
1.807524889438636706e-01 -2.447108864414573592e-01 4.615499046672563721e-02
-2.266144358511448451e-02 -5.177711324281444316e-01 -1.154290033598836251e-01
1.174308217796024290e-01 -2.675988328053984788e-01 7.138107415972314018e-02
-1.396856609375237146e-01 -5.071991394514113738e-01 -1.003702329167766860e-01
1.406359309147396097e-01 -7.878748448522057135e-01 -5.506719210219630789e-02
-4.308142606432546068e-02 -6.843523404659364040e-01 -2.100497636170521043e-01
9.225323796056354719e-02 -7.717009832773583655e-01 -7.008560267002147959e-02
1.202963080768011395e-01 -2.579199235874579110e-01 7.338236495525818359e-02
1.277412434176421197e-01 -2.574709172242936051e-01 7.128473676207600085e-02
-5.630315558830628619e-02 -3.838387948414760387e-01 -3.267928567122078271e-02
-4.325901093751560733e-02 -7.717500048315847350e-01 -1.995994399960749899e-01
1.666522763046592304e-01 -2.634262227320832706e-01 5.249780380313579659e-02
1.987834211126495998e-01 -4.794875860419290370e-01 -1.690038827339920141e-02
-8.905879099137727073e-02 -3.619691979999292708e-01 -1.202670230724442457e-02
1.152936861553864045e-01 -5.750567274417804908e-01 -2.748771735404398342e-02
1.313080305079469545e-01 -3.197906259798301565e-01 5.390785371136508353e-02
-1.770921891326649941e-02 -5.737851788559940047e-01 -1.665509971740560813e-01
-3.719152732565908503e-02 -4.387915872922450999e-01 -7.154474398725188533e-02
-1.139633206161390182e-02 -2.975446058806838212e-01 -1.615078236645687421e-02
-1.218633553444263967e-01 -5.995881763332344683e-01 -1.216437748150063780e-01
-2.872324696754027795e-02 -5.717936748825785953e-01 -1.342341059375600498e-01
1.847404654235565158e-01 -2.636167481072550500e-01 3.773607717972073117e-02
-1.077323025641953314e-01 -8.572058160243183345e-01 -1.262385479038784508e-01
-3.730623403459594478e-02 -7.915999801188529084e-01 -2.074530342455383758e-01
-1.925346405024675606e-02 -4.626385518515787054e-01 -1.006212796415323074e-01
1.900614895160647744e-01 -2.626985668377142535e-01 2.913800260806337361e-02
-1.229081639916479868e-01 -6.330806685033093517e-01 -1.405958853077629023e-01
-1.440556014999707923e-01 -2.906995973343099449e-01 -1.039941263803934035e-02
-3.302269513791630112e-02 -4.822350262093062501e-01 -9.363277669058790720e-02
-4.292845274318135562e-02 -7.362755206677973341e-01 -2.111646772390796400e-01
4.142003978561756977e-02 -2.747513661898138837e-01 4.424806277496769191e-02
1.391955592963678434e-01 -7.528324984658821828e-01 -5.709681157772519833e-02
5.393713650991571046e-03 -2.864078348770314753e-01 -3.127611557773307682e-02
-5.858413845834838096e-02 -5.738023836327045268e-01 -1.146097595466908925e-01
1.049259825523777417e-02 -2.861739026814894560e-01 -3.451576732119169405e-02
7.933712817896612646e-02 -5.166928990638964825e-01 -3.376831122706056704e-02
7.581500566577495381e-02 -8.790250356671522880e-01 2.678467458583460442e-02
9.678175553512867457e-02 -3.891014430345520192e-01 3.007346077105167367e-02
9.049326659871186063e-02 -5.796776968471749614e-01 -4.817753299969616820e-02
7.874431306403222031e-02 -2.876851583414796187e-01 6.263958619719378618e-02
-7.850399194132955116e-02 -3.006330512310265157e-01 1.228023365991349862e-02
1.163238748074452156e-01 -7.365908526535911438e-01 -5.899840780877989299e-02
-1.180835319963341595e-01 -3.750113406714392639e-01 -2.903766437116567928e-02
1.023043072350157331e-02 -2.959065399697081156e-01 -4.137557300901099910e-02
6.715026263192502842e-02 -2.852495185252867937e-01 5.958726291394807889e-02
1.565927805143826068e-01 -7.157162592284563862e-01 -5.846334975591267746e-02
1.335945751893322098e-01 -2.833367074609464686e-01 6.289883025995798849e-02
-9.120429503610251454e-02 -3.952033716144067177e-01 -3.061519070727371228e-02
9.210240834275500166e-02 -8.218722208782339722e-01 -3.122224053956532130e-02
1.616636084290311304e-01 -7.368297874312528251e-01 -1.236736521996985305e-01
-1.319059986407758178e-01 -3.768125090824436807e-01 -4.885085342772657602e-02
1.659051252500624019e-01 -2.815689250770982421e-01 4.936317531777309475e-02
-5.321010531832850998e-02 -7.356318075278929225e-01 -1.773004636816012392e-01
1.965928154687935081e-01 -2.998242085225554243e-01 -1.182941481225315700e-02
-1.560672192943961603e-02 -5.172310287544280571e-01 -1.243879945432995460e-01
-8.501457008954352301e-02 -3.233673385179149928e-01 4.594118144625122108e-03
1.185539787225856345e-01 -4.312177094347168782e-01 1.303770439877277761e-02
-5.564850925456632513e-02 -3.935511750192410840e-01 -3.896730884392050898e-02
1.996531902706262795e-01 -5.158371626595120718e-01 -2.888461730586881770e-02
1.096974501432755322e-01 -4.371455648939650551e-01 3.744104179438254021e-03
-7.736885631486481452e-02 -3.164820439761232285e-01 7.034824640756946051e-03
-6.745868691353726354e-02 -8.250131565840463921e-01 -1.515881268597783493e-01
1.645751117308950351e-01 -5.901301313612433708e-01 -2.712870846984100776e-02
1.404555576739544009e-01 -4.283001717374036454e-01 1.965738170849405317e-02
9.419048278498927396e-02 -3.756688494717281834e-01 3.543375103968848805e-02
6.426256282085464344e-03 -3.098749132808782392e-01 -4.575100120252939551e-02
1.243164178696697653e-01 -4.457603304103331388e-01 5.995942607490888088e-03
1.673868277921508330e-01 -2.452856428017287371e-01 5.558916455412824670e-02
1.326788262051553369e-01 -3.015156424638062438e-01 5.918497820889196542e-02
-8.325744493698188087e-02 -8.388759319156140482e-01 -1.331044224886698546e-01
-5.204275257410004296e-03 -3.328892431515487749e-01 -4.018787388418935957e-02
-1.272494055341106267e-01 -4.885238504886344479e-01 -8.379370294012765397e-02
-4.671839507736304242e-02 -7.732282371192024106e-01 -1.878182521536894967e-01
8.545109544948956137e-02 -8.098214400141175995e-01 -5.957023250144906357e-02
1.940871897451783290e-01 -3.894312260761723654e-01 -2.519958401701206246e-03
1.394578413065871714e-01 -7.347920758538047936e-01 -5.562790549667029349e-02
-4.287420590526842823e-02 -8.246476281066332792e-01 -1.900797232000434600e-01
-1.037467271849689954e-01 -4.864875239666954232e-01 -7.607425173787388251e-02
-7.156173543583521646e-02 -5.360447988039720446e-01 -9.572553883802607799e-02
-9.506771281097312065e-02 -4.802691442928028187e-01 -7.321721496795120798e-02
5.997145005095153025e-02 -2.529792163868515575e-01 7.004506908785781971e-02
1.645870838483334819e-01 -7.509577470005449618e-01 -7.840735309512486539e-02
-8.302475254845001484e-02 -4.830547831843153839e-01 -7.488967902730252202e-02
-6.687782693950386492e-02 -4.830965681823439217e-01 -7.799381881977310305e-02
-3.985357935105957039e-02 -4.787484120176119240e-01 -8.746132392240248132e-02
-1.366182919086668113e-01 -5.513589125435913729e-01 -1.119789007784728063e-01
-4.495361246482783291e-02 -7.358578580026106097e-01 -1.973671881489245661e-01
1.150976495446682790e-01 -3.874771194225202220e-01 3.764694252765923843e-02
-3.635826406581402215e-02 -7.904434400215305523e-01 -2.133809997100947209e-01
-6.171775796086825805e-02 -8.371762745830716446e-01 -1.728237884417309911e-01
-2.139229427524123178e-02 -4.804201761699534168e-01 -1.037328227914511569e-01
-1.233404643962645458e-02 -4.808504508237714248e-01 -1.189292542559601540e-01
1.627505218413266008e-01 -6.040980153969084387e-01 -3.086464102966268025e-02
-3.112140725335963212e-02 -3.119168936803468628e-01 -5.268372431939064710e-03
-1.048192708505256143e-01 -6.692087279116524234e-01 -1.460159646599657191e-01
1.881410623323842846e-01 -3.173415240071543186e-01 1.391814954023625449e-02
-5.968099873510774450e-02 -8.112442041506342516e-01 -1.604152434958653617e-01
-9.812798442329125764e-03 -4.811630092252442981e-01 -1.310242364882190091e-01
1.635460731687921332e-01 -6.117573803264695353e-01 -3.364300317409099628e-02
8.296763416092400867e-02 -4.699632256245117601e-01 -1.984478583887743647e-02
1.159051076333465491e-01 -4.669330492305517333e-01 -3.550732672066531787e-03
1.363742866010661525e-01 -4.651345939036852783e-01 4.500729359452008277e-03
-1.908007146946416946e-02 -2.125250956909039146e-01 2.257264607173797497e-02
-1.508965528180116443e-02 -5.346614452556155417e-01 -1.348603793729730160e-01
1.498767148195564447e-01 -4.655353426174163589e-01 7.599682671820432583e-03
1.158052407206140444e-01 -7.007316658765276873e-01 -5.964445611757561438e-02
1.593040337825107622e-01 -4.623328924600528245e-01 8.354033080795145172e-03
-6.375815968567617731e-02 -4.524609968360322476e-01 -6.632998443968496360e-02
2.092761125690842661e-01 -4.625671277854717656e-01 -3.152212219874436089e-02
2.119926041190036137e-01 -4.619679997770064772e-01 -4.552810720274785838e-02
-5.780912205107831270e-02 -8.400659865366942869e-01 -1.853106990691571199e-01
-1.615310714255260155e-02 -4.828114526253422523e-01 -1.113559412431061324e-01
2.137633664756544427e-01 -4.600001849381881169e-01 -5.475136730111850036e-02
9.400902459232239605e-02 -6.326832799405608387e-01 -6.543387469109104848e-02
-2.092158571495796732e-02 -4.430167997550505943e-01 -8.959948423818074603e-02
-1.055928131565066208e-01 -7.206874069607713817e-01 -1.644977694220579323e-01
-8.580511167290079400e-02 -5.025524858021420682e-01 -8.131762712072015953e-02
1.574755538677350686e-01 -7.700471931586755359e-01 -7.097073333621091440e-02
2.082545436421379959e-01 -4.474836107358229897e-01 -3.178485895587069426e-02
-6.592415055176399641e-02 -4.931677949850876153e-01 -8.195160230530626477e-02
-5.920067617980072361e-02 -7.008892471261229939e-01 -1.663396696655196905e-01
-5.170475552786311241e-02 -5.008705250187802660e-01 -8.981044231343431050e-02
1.695315877817606398e-01 -5.171408897545647365e-01 -7.829649351605828811e-03
-2.438316158145222012e-02 -4.969415583269748415e-01 -1.062417922753525756e-01
9.656553742048312738e-02 -4.867587406312745002e-01 -1.520977876010104479e-02
1.239662308642620614e-01 -5.628360823033285998e-01 -2.039746727083549538e-02
-1.944556364269194038e-02 -5.009013542452479539e-01 -1.131661406694547123e-01
-1.320060635655643209e-02 -4.990184692882040918e-01 -1.224741047876092559e-01
-1.021519133140690906e-02 -4.958006973319015187e-01 -1.466848168451766465e-01
-6.063061997673280246e-02 -7.357932001619575946e-01 -1.681983207804255420e-01
7.995992511547858617e-02 -4.885851935359911691e-01 -3.074542688508220128e-02
1.363012228550513627e-01 -4.825624231557871791e-01 1.396505939107086508e-03
1.632538511914282953e-01 -2.987668535655401691e-01 4.700306293127075319e-02
2.113373786698215795e-01 -5.530000127152334688e-01 -7.982453140050277396e-02
-2.339373605397232492e-02 -5.915895882058126443e-01 -1.652826094979501781e-01
1.401162403589015920e-02 -2.785749362243815641e-01 -2.566467734773304060e-02
1.629091093409364421e-01 -4.731705590361258706e-01 5.402162402562568633e-03
-1.074705498341457094e-01 -2.176673273690723498e-01 3.688612517040910921e-02
1.704592455828460584e-01 -4.726993457527934872e-01 3.663570298872653730e-03
1.034782099698338398e-01 -8.467008016821452321e-01 4.037154051872011290e-03
-8.239737995547230520e-02 -4.658609230879458551e-01 -6.847488110300582742e-02
-1.017533186326660261e-01 -6.852265770621887020e-01 -1.508039798088712247e-01
-2.821617063425168118e-02 -2.975951272129223057e-01 -1.764740259760450014e-03
1.875415568132639266e-01 -4.798944711384579009e-01 -7.089749687613389195e-03
1.107745389221037602e-01 -7.757457489951038454e-01 -5.507745467817753982e-02
-6.902000371437547188e-02 -5.030037791194522656e-01 -8.465121608439495071e-02
2.046344995297942337e-01 -4.793764491826932317e-01 -2.447245587186498011e-02
-1.284872625926511414e-01 -8.077828941356849368e-01 -1.175314329899891930e-01
2.134081237263280584e-01 -4.813670651658502608e-01 -4.677099272241512506e-02
1.058581857790818204e-01 -4.879163130559182604e-01 -1.102279350383833512e-02
7.529672259940060897e-02 -4.930057471705167060e-01 -3.305168781888628837e-02
1.286288262897991030e-01 -4.899087810376812069e-01 -2.108006013444015808e-03
8.296222110394288474e-02 -5.439874318773032513e-01 -4.062549991726070731e-02
-1.264270678580553253e-01 -6.205388398542638351e-01 -1.379530834120603344e-01
1.447055243844949934e-01 -6.104425360727380179e-01 -2.964414725376815496e-02
1.169698417548135361e-01 -4.845261128591318855e-01 -5.720045041921154039e-03
-1.397453441882618996e-01 -5.206284001388022942e-01 -1.033019847074096720e-01
-1.229466563448267796e-01 -5.236116889157548249e-01 -9.186481336321175584e-02
-1.115767252218902578e-01 -5.246514229968980425e-01 -8.844922189129869605e-02
-1.021365569464027928e-01 -5.208170096826907347e-01 -8.633207167597242715e-02
-8.731183239560243170e-02 -5.208567749261635571e-01 -8.706172936474805557e-02
-5.353927344673710398e-02 -5.187790352130796645e-01 -9.557489146385828027e-02
-2.714823124178213087e-02 -5.114247845593961062e-01 -1.085027482619551342e-01
-1.161685025294671367e-02 -5.166603519607746442e-01 -1.337244286233630897e-01
-4.904146258739771475e-02 -7.892660958921684511e-01 -1.785193988095711837e-01
7.236352969491695319e-02 -5.087016975894339543e-01 -4.084070183866821135e-02
1.133138922784109048e-01 -8.251754450390175188e-01 -2.374648387899638141e-02
1.835926784715339599e-01 -5.915824961104667601e-01 -3.912761805449045671e-02
8.004046795072494724e-02 -5.065529636362549049e-01 -3.103657955723747308e-02
1.155764576765532792e-01 -8.326884090064815558e-01 -1.622593475436395760e-02
-3.518126640398291580e-03 -3.706176229655024912e-01 -8.383899879503621533e-02
1.770418803571732758e-01 -5.873114744229864792e-01 -3.266199353497775681e-02
9.703427827705542186e-02 -5.041664132051787428e-01 -1.875925407790782901e-02
2.024917400379404875e-01 -6.079817106280774874e-01 -9.116011350037075966e-02
1.068574008525289415e-01 -5.047893543195055566e-01 -1.405177704049042492e-02
8.510026758610148012e-02 -5.751158822755266797e-01 -5.731225322916051745e-02
-1.127271870869868131e-01 -4.485509918039551347e-01 -6.366853851183326696e-02
1.181506275156725683e-01 -5.024428326789858179e-01 -8.666142914151506171e-03
1.298073081737818601e-01 -5.027473065515427608e-01 -4.396472279399567945e-03
1.382369858737044765e-01 -5.005133732193240981e-01 -1.746113835202452863e-03
1.483143121820410526e-01 -5.902563622201957294e-01 -2.383865934416194016e-02
1.135491102123139529e-01 -5.570657685607683929e-01 -2.368772243783910658e-02
1.533651797345630119e-01 -5.000426495084437928e-01 -5.311991013427740105e-04
1.707016708018857520e-01 -4.989083682733096992e-01 -3.242058433268243250e-03
1.486920108147392339e-01 -5.729714606883463679e-01 -1.885696186400111218e-02
2.125714393368654809e-01 -4.976551436508324655e-01 -4.620603289598868013e-02
2.129474293793813255e-01 -4.952732693945163245e-01 -8.630010809259321125e-02
-1.407166935649403205e-01 -5.276830807927019862e-01 -1.114614886357654933e-01
-3.238541273422513439e-02 -5.224389213810373134e-01 -1.083790004958019304e-01
-3.906640086488066821e-02 -6.238564121838732213e-01 -1.529170419726285368e-01
1.752145848474442880e-01 -4.080285344499942624e-01 1.510101584498716766e-02
1.530741948491594895e-01 -2.118081714383172887e-01 6.975899900235582596e-02
-1.308524034862363350e-01 -5.429681294615580356e-01 -1.032504028772965043e-01
-1.214778733973451846e-01 -5.401389310211602846e-01 -9.598827793360012461e-02
1.832257675131018504e-01 -6.318104388028724649e-01 -5.432505879198575027e-02
-8.756568815124227134e-02 -5.353726218654909497e-01 -9.184542264755835017e-02
-4.447113529733565107e-02 -5.297796780294798946e-01 -1.039837642175111820e-01
1.999109633957879273e-01 -4.606922038080719650e-01 -1.474401150342079941e-02
-4.130546101373921281e-02 -6.450257920331966544e-01 -1.664446296214320276e-01
-1.224483233976671470e-01 -8.445783167377860501e-01 -8.434449563624006607e-02
-1.008002884558351353e-01 -3.725808335982248587e-01 -1.945407170185431411e-02
1.198262244997279347e-01 -6.176671628932551839e-01 -3.632373379781875244e-02
-1.077359437086430893e-01 -5.582960536462765466e-01 -9.915506200080230481e-02
-3.718267184532393632e-02 -2.130268744046839857e-01 3.235050903840513276e-02
-2.495749048215086668e-02 -5.350260236496761079e-01 -1.201613813418835330e-01
8.903780955377550710e-02 -5.237592738726892794e-01 -2.836874305211205261e-02
1.624893823414955973e-01 -3.362470019220872297e-01 3.592505549857057112e-02
2.057851806224338664e-01 -5.892991336917033918e-01 -7.927785777912715881e-02
9.823877508137086878e-02 -5.215116137800107632e-01 -2.208673904094414497e-02
1.194984516720552503e-01 -5.201682325418254260e-01 -1.175643627978786160e-02
-3.463588145357732184e-02 -8.463993330246462055e-01 -2.345775987238797877e-01
1.320675222651395142e-01 -5.210737908804736751e-01 -7.713726309711128881e-03
1.522558937679125424e-01 -5.182622812808787005e-01 -4.909925357566805038e-03
2.052540035117540462e-01 -4.621576165969892847e-01 -2.279169782204139988e-02
-3.911991472241732604e-02 -6.485301159100173019e-01 -1.775687866043761387e-01
1.840625472922464423e-01 -5.151764813883461525e-01 -1.460436866729093730e-02
-3.861494243822936878e-02 -5.371772200620078541e-01 -1.103121377507207679e-01
1.764089810179572115e-01 -7.117536260113213054e-01 -9.404090860034811095e-02
2.072895282499048752e-01 -5.096350333319321635e-01 -3.705601854645570320e-02
-1.530831418678144963e-02 -5.544709598711187182e-01 -1.502074879073405922e-01
2.100454516924259163e-01 -5.160572113231960412e-01 -4.557656288795797206e-02
8.702762206377025189e-02 -2.142544755764173858e-01 8.691024817810817649e-02
-1.418926650330560313e-01 -5.479153193923023135e-01 -1.161324085355369684e-01
-1.828776691673192692e-02 -5.526245077893124913e-01 -1.393055391168814550e-01
2.109547023962723700e-01 -5.171118182929728135e-01 -8.000349894964768616e-02
-1.485272736416684558e-02 -5.567324223715427456e-01 -1.645096079669880473e-01
2.137258905027189515e-01 -5.110939938729548437e-01 -8.413048516225184181e-02
4.858778207985275932e-03 -2.431837354940730722e-01 -9.422994384260842404e-03
-4.804080979915503757e-02 -7.536496269402671588e-01 -1.877861006279909206e-01
2.136946217305477902e-01 -5.179646499514271030e-01 -5.681724324031638129e-02
-9.082732693260377188e-02 -5.448702470822288646e-01 -9.469120424122497159e-02
-5.511858635570793946e-02 -5.425212994791412946e-01 -1.040428090588107757e-01
-1.177222431846196710e-01 -5.635987356076952448e-01 -1.028539615852412936e-01
-2.060005884494766487e-02 -5.417044247570019788e-01 -1.284628955128654104e-01
-7.250007711281333811e-02 -5.462357771275190288e-01 -9.926464408900179115e-02
1.631655708333161203e-01 -7.593925762219948528e-01 -1.133123816639373671e-01
1.846109642528171446e-01 -4.430499832969491680e-01 2.870630701545268809e-03
-9.056318090288961037e-03 -5.440793559542598246e-01 -1.580579221537682932e-01
-1.193854547379903791e-01 -3.583781179319905363e-01 -2.261241685545388458e-02
-4.032019217259825289e-02 -7.699683279468535479e-01 -2.263189664051912242e-01
8.292249876988262713e-02 -5.324846990515145206e-01 -3.579228829842676096e-02
-1.417131746312477736e-01 -5.578687549835368298e-01 -1.158312508188580892e-01
1.771505534328196851e-01 -3.725037144401232569e-01 1.920270761844653645e-02
-1.366663833621154511e-01 -5.615010969091126514e-01 -1.159186834665149324e-01
-9.057969021686668176e-02 -5.575184997383461072e-01 -9.942394115292661760e-02
-7.345913064638959211e-02 -5.564299269577135387e-01 -1.028748651823626070e-01
-4.275968065594177442e-02 -4.067797300251223547e-01 -5.162316909814868016e-02
-5.689144656886248319e-02 -5.554586358862628748e-01 -1.082267634546105195e-01
-2.940799339217969183e-02 -5.512957093513977114e-01 -1.230372709463402880e-01
7.839772997558092094e-02 -3.542056244334865212e-01 3.723817924423203363e-02
-7.045489287608081019e-02 -7.541662534240072269e-01 -1.610063683617534436e-01
-2.498278513479855814e-02 -5.553299587485961419e-01 -1.301016575008633325e-01
7.655323795938057119e-02 -5.372667066487307741e-01 -4.396316156802208830e-02
9.330094317454523667e-02 -5.407183341829815415e-01 -3.087118134512268491e-02
1.106380375725111442e-01 -5.398465932826386204e-01 -2.045739951606583701e-02
-9.245772617177913655e-02 -2.988737313502390358e-01 1.147768436518235846e-02
1.657344551702198410e-01 -7.711198245225944214e-01 -1.117857173420586936e-01
1.213032006098640203e-01 -5.368579161262171384e-01 -1.488939511156972539e-02
1.323476489981346982e-01 -5.379263326443574078e-01 -1.160391350790184600e-02
1.452687807708060441e-01 -5.389194947476080300e-01 -9.776576000557653245e-03
-8.228058079884928433e-02 -4.511371808652026583e-01 -6.242705455518259006e-02
-3.379929126871020206e-02 -3.569089058052060670e-01 -2.717771989416264272e-02
1.787349242365595114e-01 -5.301117172929988852e-01 -1.583750564507564740e-02
1.826991232230457951e-01 -5.528597478075639726e-01 -2.599702945260171788e-02
-4.425257513534981701e-02 -7.025853318942091308e-01 -2.146410245917436954e-01
2.120632015029449979e-01 -5.353824691349871046e-01 -6.019646330567343662e-02
2.107902255336575603e-01 -5.351311391367434833e-01 -8.113638970895346858e-02
1.017242446495014718e-01 -5.467426792384730838e-01 -2.705441086096797842e-02
-1.135510872222099052e-02 -4.138527780723648131e-01 -9.272752270094822280e-02
1.934240837436044802e-01 -2.859431241022055703e-01 -8.437217552215305061e-03
-1.249511975010370313e-01 -5.752449943281569000e-01 -1.114247553581338979e-01
1.618685278992976206e-01 -7.262616558128205391e-01 -1.305358177434010614e-01
-1.045121764305937118e-01 -5.713400679564344387e-01 -1.038685270722207177e-01
2.140800969526142905e-01 -5.529832034504044147e-01 -8.423860922661498274e-02
3.668855463742790729e-02 -2.589206730980776472e-01 4.925289189007949625e-02
-9.189714188514697124e-02 -5.749572877613260413e-01 -1.060273569409904970e-01
-1.972021383758217061e-02 -5.721556216125834871e-01 -1.515347710889241584e-01
1.016973009971854081e-01 -5.606129382313552734e-01 -3.153290855494547684e-02
-1.263344929933717942e-01 -3.611656676204043626e-01 -3.385976295065201702e-02
1.318774100533235683e-01 -5.554388556930386356e-01 -1.607262411073989705e-02
-1.074635958641909778e-03 -3.522888446517561389e-01 -6.935327820899822582e-02
1.787932903311896804e-01 -6.076412417789484044e-01 -4.111880886403221358e-02
1.621375019503683290e-01 -5.458377504834187599e-01 -1.336015364429644220e-02
1.933849872474965592e-01 -5.507369136852539038e-01 -3.469872772432639613e-02
1.987323579342208379e-01 -5.532931724817176100e-01 -4.225981398956020485e-02
-1.760001445894429639e-02 -5.693048387983647984e-01 -1.743263198770378108e-01
1.440215878774778469e-01 -8.277474181672583864e-01 -3.485337535319069091e-02
-2.478450625727347811e-02 -5.785609654833766546e-01 -1.439740117428791322e-01
7.704781286526223016e-02 -3.408519647150115017e-01 4.408836876982219488e-02
-1.143405591785921355e-01 -6.630565238278027795e-01 -1.496776490466368292e-01
-6.889456079978101277e-02 -7.707610230247028404e-01 -1.590256361096258064e-01
1.728326554078951638e-01 -4.624874303671535070e-01 5.214500726244165885e-03
-1.303470459210206434e-01 -5.937476640885646084e-01 -1.249817806018205801e-01
-1.391148950256565486e-01 -8.176703629208581514e-01 -1.047613402262526361e-01
-1.110914462074847203e-01 -5.947928301631688619e-01 -1.147875340914363274e-01
-4.434760036393409210e-02 -7.185915204401800427e-01 -2.154722207490229746e-01
-4.560082756869952847e-02 -3.167244115565741036e-01 2.126454732092192268e-04
-9.430738751672183839e-02 -5.942779599990691830e-01 -1.133659118288262713e-01
-7.638621818385732398e-02 -5.870249130121530934e-01 -1.138771110999006742e-01
-4.457883660303814388e-02 -5.913585430210410721e-01 -1.293306324653855088e-01
-9.586493869413922897e-02 -6.122168584844946970e-01 -1.203638044789751838e-01
-4.397693949010890446e-02 -2.983953425223850320e-01 6.359267275948800313e-03
-2.879897508876813964e-02 -5.917488656311422623e-01 -1.471000385489863171e-01
1.512299989221859986e-01 -7.702419638010782332e-01 -6.475386639481672812e-02
-2.387406675855658147e-02 -5.869252770932690266e-01 -1.549351473421899938e-01
-3.380078196815892999e-02 -8.403038335630018674e-01 -2.211573264955335461e-01
1.609531121958595323e-01 -3.725417922048958608e-01 2.951160443038218159e-02
1.392420828105054853e-01 -5.141901697019376494e-01 -4.489480366942865536e-03
1.260165598888844662e-01 -5.754332645577557859e-01 -2.297960026725687915e-02
1.345708248176255006e-01 -5.731727453848366460e-01 -1.990074992281355704e-02
2.079579263835477920e-01 -4.975038543082683784e-01 -3.438122145178051231e-02
1.658980260607531010e-01 -5.718648419014497053e-01 -2.201606312171358604e-02
-4.147574182190266745e-02 -2.844020740520443180e-01 1.006168370400690147e-02
-1.002736979417733765e-01 -7.802397276891972488e-01 -1.443012425881391447e-01
1.811432595275670743e-01 -5.707989033289779801e-01 -3.044330816462856304e-02
1.954895510677477077e-01 -5.706734976276506277e-01 -4.489208074561354400e-02
2.101902557513122827e-01 -5.718418600219246084e-01 -7.843034679085214567e-02
-7.716313810405733831e-02 -5.951825894510525128e-01 -1.167985426806873450e-01
1.589977598971530626e-01 -7.532605347519116812e-01 -6.982764977070356205e-02
9.744820956258792854e-02 -5.836191255195473104e-01 -4.288018650482293415e-02
1.029288509023086329e-01 -2.325444835196396332e-01 8.227904144114081553e-02
-2.851500119301944580e-02 -3.199222625416782151e-01 -1.040419470595289886e-02
-9.675217239284424064e-02 -6.644430040349782463e-01 -1.412389945640430411e-01
1.936139393033493861e-01 -3.175930300269634854e-01 -1.874397937177488260e-03
-5.335161315096090956e-02 -8.066442474568401577e-01 -1.699767094688156843e-01
1.875685184337101130e-01 -5.769363739210551234e-01 -3.770227539815448892e-02
6.628609304420100823e-02 -2.175021525861576266e-01 8.294602508507659122e-02
-1.321751424982317014e-01 -6.127456402982043304e-01 -1.373778751797917475e-01
-3.419830782931323337e-02 -4.621259598875225305e-01 -8.505154074751314353e-02
-1.162650340984124064e-01 -6.145912933869345229e-01 -1.262417760096290753e-01
-2.789292865784998715e-02 -4.679129512146880110e-01 -9.240536645429515972e-02
-1.077494328779098481e-01 -6.086789517543860217e-01 -1.198325343070914539e-01
-7.872835714987888589e-02 -6.115010256689406010e-01 -1.226805196060259950e-01
-6.212110666826946292e-02 -6.105213460424773197e-01 -1.278964898497363945e-01
-3.103565184512543929e-02 -6.114118137920480089e-01 -1.624966343833444404e-01
8.916146526375300085e-02 -5.885253216223105266e-01 -5.072017218897140189e-02
1.166884324520718885e-01 -2.843798218246701426e-01 6.708635737391879794e-02
1.114594872153254757e-01 -6.116302167956474412e-01 -3.994618850681964928e-02
-4.099561791952120726e-02 -5.546297139700377965e-01 -1.158850094849654400e-01
1.616543637329138361e-01 -3.544084247228834750e-01 3.248856036804602387e-02
1.279629373443589291e-01 -5.931859815244526768e-01 -2.729175425612313105e-02
1.355813487270779993e-01 -5.840485013039167228e-01 -2.270160028680642816e-02
-5.654376124455594982e-02 -2.465632824360518560e-01 2.709471769163816421e-02
1.930956959476864132e-01 -5.884545121728026462e-01 -4.847938998092754526e-02
1.528171167527850594e-01 -7.890079416258073408e-01 -6.468799061084735957e-02
1.067814349151537945e-01 -6.496436670707537164e-01 -5.639683360462981188e-02
2.022555355328308213e-01 -5.873758310576679964e-01 -6.506209408321837750e-02
-4.239009140637604867e-02 -6.136826341779376692e-01 -1.422732640686121264e-01
-7.469909906439978209e-02 -8.016133683712501901e-01 -1.425073511003496773e-01
8.869778082528947949e-02 -5.988975201494556311e-01 -5.954689340992311286e-02
1.004668134772071786e-01 -6.150382650472613344e-01 -5.194712877495133441e-02
-1.028972648524802830e-01 -2.904272665361613548e-01 1.188059704568926456e-02
1.980782537276461752e-01 -5.909547819155700488e-01 -5.738445101605682552e-02
-1.033101551441762550e-01 -6.213173986423664585e-01 -1.243580280316315956e-01
-1.288923634409248065e-01 -6.341912352705053602e-01 -1.502917038638266478e-01
-9.295275305966491097e-02 -6.259559005668720033e-01 -1.258449964390866149e-01
-7.976028719891593843e-02 -6.275010006477178548e-01 -1.286981351710224375e-01
-6.492899086896651573e-02 -6.253920228790500468e-01 -1.328110822711650596e-01
-5.451678599995157803e-02 -6.223102245222177364e-01 -1.367430735589565405e-01
-8.379253878997496019e-03 -3.451060127887519147e-01 -4.350357696469811519e-02
-7.867599216227086356e-02 -8.251529002533926072e-01 -1.341242501011684907e-01
1.016640152368478017e-01 -7.203027785988638243e-01 -7.419956749375529459e-02
-4.840927714993260855e-02 -6.285147558924299993e-01 -1.450921219806287632e-01
1.347326853592151208e-01 -8.403845863985196507e-01 -1.495030534884168871e-02
-4.797511749565479267e-02 -7.356514325633352058e-01 -1.869925841240303865e-01
-1.003001021243375562e-01 -7.582566652400174467e-01 -1.598206883726622507e-01
-3.649688248421464887e-02 -6.282601456522087791e-01 -1.630895500736794235e-01
9.188740089721258997e-02 -6.147720043647867394e-01 -6.293040934788096674e-02
1.274743804419211368e-01 -6.105546048689258765e-01 -3.198832137874563220e-02
1.529454231883004833e-01 -6.043171503363703456e-01 -2.829535950941899219e-02
-5.595562722430072466e-02 -2.327365061913485578e-01 3.143238013950694354e-02
1.894175177899599938e-01 -6.059388994525745087e-01 -5.070319310748236385e-02
1.943989793430853374e-01 -6.080684948221335429e-01 -5.948517403167651041e-02
1.743515549701245282e-01 -7.136233088367835986e-01 -8.733563999085239282e-02
1.082890652710349066e-01 -6.656333183363608574e-01 -5.962933932381420110e-02
1.991067411204676119e-01 -6.052892520883021987e-01 -6.813290346962826149e-02
-2.043332291028367859e-02 -5.642150205579103961e-01 -1.424206562838994938e-01
-8.236811895509814352e-02 -6.353977151929238731e-01 -1.313083867327531629e-01
-3.278838438666178967e-02 -8.251777152585306752e-01 -2.068437217098782477e-01
-1.164630710448740919e-01 -5.008204195117345048e-01 -8.273569900070185112e-02
-1.104352276839322688e-01 -6.422459328885357088e-01 -1.356301846955260126e-01
-9.963328130568943619e-02 -6.487890175476608290e-01 -1.356514902912919762e-01
-8.238047973339543417e-02 -6.482444021951905277e-01 -1.363628559122790074e-01
1.556737622360795936e-01 -7.338953690069610625e-01 -6.218841690605837746e-02
1.017257936564096021e-01 -6.312877335714400795e-01 -5.459287778008659053e-02
-2.418737207879292223e-02 -8.244340550104605203e-01 -2.247126811424075554e-01
1.121202820391151711e-01 -6.290156018585191244e-01 -4.410304770253267725e-02
1.205324341331829030e-01 -6.312177374125754747e-01 -3.951351332542529793e-02
1.618675423679695469e-01 -6.266732512092063612e-01 -3.756608835153417425e-02
1.874393429868908001e-01 -6.174936678681330893e-01 -5.324443380259077929e-02
1.982665898270261351e-01 -6.241581016071608978e-01 -8.888271448373696870e-02
-1.079067582394551555e-01 -6.562626697011070265e-01 -1.412219752580266552e-01
-1.180360094209775002e-01 -6.692097373297100082e-01 -1.570137939367858004e-01
-8.407148987594523226e-02 -6.665873055282610649e-01 -1.427400590590021667e-01
-6.844619653296593609e-02 -6.645877937299204952e-01 -1.475700875167460790e-01
8.224336807816381989e-02 -5.571723041629734752e-01 -5.271903490869524200e-02
-4.336689697338642902e-02 -6.644444663120224748e-01 -1.781563500070579287e-01
9.748499006478725248e-02 -6.500583216971086431e-01 -6.696177685324204709e-02
1.230039973732842129e-01 -7.544354737489165075e-01 -5.565969226078394672e-02
1.123860737476285732e-01 -6.446574772693457467e-01 -4.886762134872223162e-02
1.640141614947190352e-01 -7.275440697924416833e-01 -6.793752855472602603e-02
1.233677598834551081e-01 -6.481875221838456769e-01 -4.291380852129966783e-02
1.314136914587854255e-01 -6.428822596460112004e-01 -3.884905513554041956e-02
1.434882015995861126e-01 -6.460130179441114784e-01 -3.900571551034558160e-02
1.606432845253841779e-01 -6.449171974235713423e-01 -4.233979172563487325e-02
1.322788763329567907e-01 -8.927884035181316014e-01 -2.313414428881235829e-03
-1.732400023053715793e-02 -4.253667427710324245e-01 -8.493241457226712032e-02
-5.779198986645071173e-02 -2.628139640141772815e-01 2.230175984812448470e-02
1.868686686582467504e-01 -6.433028315032400801e-01 -6.522847410565188464e-02
1.908676845276772172e-01 -6.450531326645040364e-01 -7.789347387975160963e-02
-4.155998893968528007e-02 -6.680434914577511041e-01 -2.043182065059313546e-01
-6.403492300170823825e-02 -6.702020257223777477e-01 -1.524655449131730178e-01
-1.162899454907178193e-01 -6.794570789521724441e-01 -1.568794309522751063e-01
9.529970085512155797e-02 -3.225984627545774863e-01 5.618663580309825323e-02
1.411093486949790421e-01 -6.824867508513325909e-01 -4.831381917288805894e-02
5.925319271678559929e-03 -2.106641475887814918e-01 1.439427557079034012e-02
-8.266949319143164499e-02 -6.774202432368584548e-01 -1.465669374458041796e-01
-4.347683203625755943e-02 -6.854228564392200740e-01 -1.936724013728633176e-01
1.592392303865311776e-01 -6.627343283982232158e-01 -4.662555771305010310e-02
1.698388404273362129e-01 -6.558917546823195277e-01 -5.031129540649283138e-02
-1.210964468942789807e-01 -5.537586074138208803e-01 -1.002938382953651730e-01
1.398252630783156925e-01 -7.167299111894062102e-01 -5.379781534597152803e-02
-2.429520814766322756e-02 -2.448086503498889399e-01 1.334592410812031511e-02
1.753218073795612120e-01 -6.633677022692678893e-01 -5.792206063452327858e-02
8.472981322564507312e-02 -8.292808130767941321e-01 -2.514779931864760676e-02
1.836653989572292478e-01 -6.582599923518603902e-01 -6.747148535676772418e-02
1.912724096630951109e-01 -2.804189142784818678e-01 1.660688089409760593e-02
-4.258368616753999136e-02 -8.078493622653100115e-01 -1.878564753678588217e-01
1.854682888338077540e-01 -6.624952342682345341e-01 -7.662413584655043686e-02
1.931635806266880639e-01 -6.545088025725899206e-01 -9.006455014566117079e-02
1.643796389273535774e-01 -6.709494152656040322e-01 -5.107878758471111336e-02
-1.070509226734348146e-01 -7.061429442573290416e-01 -1.619744982529509325e-01
-7.008749755847468177e-02 -7.021331756726562068e-01 -1.581037727016138816e-01
-5.227623700292409470e-02 -7.023751358209499029e-01 -1.758121653127284467e-01
-4.765607240756854213e-02 -7.016128724600095845e-01 -1.848239273038816965e-01
1.082142186794622374e-01 -6.815113482668386791e-01 -6.433547732913887096e-02
1.249716576948355362e-01 -6.829629603664284510e-01 -5.114768565487971819e-02
1.583731335734645529e-01 -6.813678842053926266e-01 -5.127445629332724741e-02
1.786685744599121606e-01 -6.827339453538853187e-01 -7.155837512624435570e-02
-1.004151891286386294e-01 -7.143192055015468167e-01 -1.588280129849655165e-01
-8.752275651318361382e-02 -7.192744451359723845e-01 -1.562371189672535354e-01
1.156256533909189865e-01 -6.860217312713048354e-01 -5.749206028937693669e-02
-5.600194940225377421e-02 -7.893300293072161855e-01 -1.678386275721243936e-01
-6.051632976180232326e-02 -7.177840926130807375e-01 -1.672378297867656294e-01
1.679793293876450655e-01 -5.349983499638910622e-01 -1.233394804925357080e-02
-4.791617998744431006e-02 -7.176540604560832648e-01 -1.862222540629385747e-01
8.360166893501817797e-02 -7.942460400579449686e-01 -6.936850483404645440e-02
1.934305765543934963e-01 -2.919367267570872615e-01 -8.604197114034019267e-03
-3.109786347587863153e-02 -4.449990539695403702e-01 -7.994135608399570436e-02
1.733304644940827921e-01 -5.411614443990160339e-01 -1.629075588812092801e-02
-4.504009181225215874e-02 -7.178913160231286117e-01 -1.970964290486264814e-01
8.959899032919281525e-02 -7.965366199291483706e-01 -6.269712331275445472e-02
1.049099406573281573e-01 -7.019121674911701358e-01 -6.939977012237032172e-02
1.646040297601785440e-01 -3.188028550397334349e-01 3.966174461726756917e-02
1.256013867309956067e-01 -6.997841981817977119e-01 -5.366522050391774046e-02
1.776273257713693321e-01 -3.169020995625245196e-01 2.921206009552837490e-02
-1.163035089861872845e-01 -6.493765628109122723e-01 -1.435372185417395918e-01
1.403650938585799535e-01 -6.986305839067628032e-01 -5.137540504349112636e-02
1.758604990391496592e-01 -6.979313616442964774e-01 -7.574257763468067450e-02
1.791826381261298062e-01 -6.911829636950265199e-01 -8.388124431268276227e-02
-4.131718583893620456e-02 -7.245082079860301061e-01 -2.190872182618047448e-01
-1.022719160717025372e-01 -7.399302790050645839e-01 -1.636997906249839652e-01
1.705173274643514425e-01 -8.814671723094277267e-01 -3.668108864072498754e-02
-7.071221077405459576e-02 -7.362365411067303134e-01 -1.613225341982073568e-01
-4.083913652041833153e-02 -7.363972410611913100e-01 -2.178234921863912710e-01
-1.070692451953948049e-01 -3.919891032580161694e-01 -3.129534089260342655e-02
1.660942775056484244e-01 -7.138265629717619465e-01 -6.555557014963740714e-02
-9.938492906607258870e-02 -8.568478941011304917e-01 -1.321559334848157186e-01
1.710639534999472966e-01 -7.150446148777018784e-01 -7.561840755552809434e-02
1.327970134091822352e-01 -8.470012459839150187e-01 -6.002285067891917347e-03
-1.057168790666738467e-01 -7.557561954713326591e-01 -1.672595302278559737e-01
1.057278879381686326e-01 -8.522188220208164466e-01 1.157650371510262656e-02
1.235864096684189395e-01 -7.875714977411768514e-01 -4.952626818765926142e-02
-5.999928898868696348e-02 -7.544038622306405983e-01 -1.689247691437428256e-01
3.965733866549178699e-03 -2.498946938227820103e-01 -1.429137072966113475e-02
-4.495668156000427046e-02 -7.538427755038629163e-01 -1.979455663443738245e-01
-4.272944215276701374e-02 -7.542175948377227712e-01 -2.110488226906920839e-01
-4.306013459166255913e-02 -7.570766021078155772e-01 -2.316205592203654517e-01
9.261384011185154475e-02 -8.784355000285095638e-01 2.797278356800683707e-02
-5.343804562155773930e-02 -6.451026677816725785e-01 -1.494263742315339039e-01
9.720353205558457388e-02 -7.374951559013933622e-01 -7.468037954286341207e-02
-4.736899842657828902e-02 -6.490360379195838636e-01 -1.586842273092928801e-01
1.072932185208375355e-01 -7.388023111717123559e-01 -6.469600691090386657e-02
-6.337486089321657523e-02 -5.862428894023472559e-01 -1.176091378285613054e-01
-9.298476077724852906e-02 -8.257986939190378184e-01 -1.161409861935353838e-01
1.623709237243938230e-01 -7.301514694010138307e-01 -1.289360466419162132e-01
-8.693468658074425884e-03 -3.923926506572831263e-01 -8.016010840952328409e-02
1.509113340599540221e-01 -2.290169645517638464e-01 6.755782277128180580e-02
-1.038626402228677442e-01 -7.717365176384736181e-01 -1.548722869784183165e-01
-8.632610460525388940e-02 -7.669795984418829038e-01 -1.536403435027371145e-01
-5.799261786255442003e-02 -7.720555453265989243e-01 -1.689362427676660838e-01
-4.216042364224206057e-02 -7.660866705354288930e-01 -2.094725561851580042e-01
1.147275720279350431e-01 -7.526334057984415127e-01 -5.806713911089207703e-02
1.530466706623704876e-01 -7.515435637643168576e-01 -6.385686703847537338e-02
-3.993540899101342967e-02 -7.763126219693128327e-01 -2.194406827718866360e-01
3.374902113443644519e-02 -2.061768884444594996e-01 7.538961398210840270e-02
-1.222655861709352476e-01 -8.269241316588200608e-01 -9.219673395371882907e-02
1.670366322792675440e-01 -7.580071843926694530e-01 -8.617705684659496268e-02
1.936371994709612243e-01 -6.318618100216517597e-01 -7.390329698199891995e-02
-9.955603911913048221e-02 -7.872259253189332062e-01 -1.374543386537215861e-01
-8.183025033160154504e-02 -7.889333397013434945e-01 -1.432370666006457793e-01
-1.271116957620150867e-01 -2.322300128324824298e-01 2.743126271372092057e-02
-6.868823793878878203e-02 -7.902108189579688524e-01 -1.531257493102751444e-01
1.672865409793555802e-01 -8.553792215405952026e-01 -3.726184531563053737e-02
7.179893024854822059e-02 -3.249791433825389708e-01 4.778253311283434113e-02
-6.363597738548243399e-02 -7.855399461488893342e-01 -1.593455716826302493e-01
-4.444497029237898938e-02 -7.901075168017207551e-01 -1.876629683680859084e-01
1.020375934946727847e-01 -7.736123106502494906e-01 -6.078179046248598227e-02
1.222113107347776173e-01 -7.718765053911159635e-01 -5.374558076980311128e-02
-1.673050341658464946e-01 -8.628202870045093009e-01 -6.119315151419717214e-02
1.392702120046165337e-01 -7.708009989899784475e-01 -5.740818306445097385e-02
-7.840451897656527946e-02 -4.437446506619628361e-01 -5.926852664703960438e-02
1.631647184572135312e-01 -7.699704550736775621e-01 -7.910078818579212301e-02
-5.887718076929196465e-02 -2.770321597781442713e-01 1.813199063318409257e-02
1.905609476395294932e-01 -6.253874052694037289e-01 -6.229924276261426808e-02
-9.765753137120979088e-02 -7.948170496258649687e-01 -1.311845187464389106e-01
-6.882785499751759017e-02 -6.843466679554771614e-01 -1.543142775111620846e-01
-8.096214684228927871e-02 -8.082296270062695465e-01 -1.341476861075606430e-01
-1.232463779532195353e-02 -4.077831459891695376e-01 -8.357685432133023229e-02
-1.331593774941171593e-01 -5.785924190186620963e-01 -1.203255548827000254e-01
1.878489523764512448e-01 -6.646147632735932564e-01 -9.083569346800360322e-02
1.937956316724076811e-01 -2.811292024678354040e-01 1.282088068290977712e-03
-6.236323859662779717e-02 -3.177370525253185862e-01 4.893967524435129807e-03
-3.825474982458201140e-02 -8.032263546887750127e-01 -1.972536376998245133e-01
-2.993938997672395547e-02 -8.069058481332062049e-01 -2.182146115620600402e-01
-9.800758537000481274e-02 -5.317034484723311971e-01 -8.952868602054435410e-02
-2.420694874868424204e-02 -8.089282191338009742e-01 -2.372116126865803643e-01
9.722150455646920431e-02 -7.883447118726311098e-01 -5.875821457924598756e-02
1.078306622652711461e-01 -7.923799055856290963e-01 -5.045381951570918067e-02
1.582176361551265176e-01 -7.862827950974230484e-01 -7.190008852988578891e-02
9.500056030412064312e-02 -4.191597670058783143e-01 5.743752663746368170e-03
1.665573518071901682e-01 -7.899571232018557376e-01 -9.277734988583319353e-02
1.494789130118216458e-01 -8.654235502293501359e-01 2.246805861492080086e-03
1.033886669491166366e-01 -4.134292269044354540e-01 1.803852043923735715e-02
1.679219694465591273e-01 -7.872127511254589649e-01 -1.065212206990469312e-01
-5.664669714696735775e-02 -4.926126367000289163e-01 -8.467257259388401291e-02
-1.902932989144287546e-02 -8.093732623846788821e-01 -2.512978107377161208e-01
1.247642946714709322e-01 -7.973128347519690129e-01 -4.579517170640275137e-02
-1.073365793703577320e-01 -5.408314886527858523e-01 -9.301173367479410869e-02
-1.457628696467312412e-01 -8.237170516619439775e-01 -9.941812029206825718e-02
-1.376904060874051816e-01 -8.274795098887036682e-01 -8.844094968211489716e-02
1.252715517638419152e-01 -7.178390038185762378e-01 -5.536620267717386190e-02
-2.177933757680488441e-02 -8.248129175199518937e-01 -2.335769793338343669e-01
-2.639199557787144657e-02 -8.355078764112435774e-01 -2.266991174137666931e-01
1.017383255015326532e-01 -8.039431050064171913e-01 -4.549097434458866662e-02
-1.248595121983422929e-01 -3.798797290664951976e-01 -3.860577634692496929e-02
1.263215786378160121e-01 -8.069742224680319653e-01 -4.076068805023427832e-02
-2.860689878792215673e-02 -6.218994303295639625e-01 -1.722671009712299917e-01
1.560104902865247778e-01 -8.057623265016874425e-01 -6.330298615191240486e-02
1.640381554838913347e-01 -8.065145941128252227e-01 -7.956311984235275858e-02
1.256050491641189926e-01 -8.595042111211009805e-01 1.624993791790372080e-02
1.689840653265476111e-01 -8.056239823980909653e-01 -9.607947220897586349e-02
