1.758933462510224033e-01 -8.998312296586519210e-01 -3.203143089494465273e-02
1.724729197432427474e-01 -9.025430982617527187e-01 -2.314061977982317941e-02
1.678363421495080998e-01 -9.019236374969739067e-01 -1.561544194419297454e-02
1.433814030350952784e-01 -9.001766454952044860e-01 1.640450683669074719e-02
1.357418111435785835e-01 -9.002573019957678113e-01 2.284403861727204305e-02
1.250801373518183324e-01 -9.003692957511337802e-01 2.630276971337222949e-02
1.161973995905342394e-01 -9.058111398491455191e-01 8.113660824779826003e-03
1.044604692821587688e-01 -9.032591095651194557e-01 1.433262881647061684e-02
8.737495852948259922e-02 -9.024835351640064784e-01 2.346118275987688073e-02
1.806355289868771807e-01 -8.864027959795750533e-01 -5.904346573184510866e-02
1.800845780520821393e-01 -8.901551549014670162e-01 -4.654961165688475261e-02
1.806929373547017104e-01 -8.837283568486243857e-01 -3.986398661182070230e-02
1.783692104598715300e-01 -8.909769852911957333e-01 -3.341513574982258455e-02
1.755605922315045531e-01 -8.892567671675333241e-01 -1.994802214969448872e-02
1.531070863457087983e-01 -8.900422316808923595e-01 1.093800148622581236e-02
1.070505236393873849e-01 -8.891373907743196359e-01 2.947859650385716707e-02
8.083036245737684755e-02 -8.861182004637466747e-01 2.147284389569794477e-02
1.804042110046351344e-01 -8.797186150133861071e-01 -4.042167010225614782e-02
1.335519978573909694e-01 -8.802157887290470439e-01 2.357681795275011830e-02
1.506520155342223610e-01 -8.786976093222866879e-01 8.450103448797263717e-03
1.729110099684549040e-01 -8.765887090542201499e-01 -2.091675424645206283e-02
1.617047941947575007e-01 -8.759050892309192538e-01 -5.188318990226328808e-03
1.197868214612588522e-01 -8.729508731425544843e-01 1.996881217809580791e-02
8.510085906734821126e-02 -8.738427965074109238e-01 1.564331416938961883e-02
1.778612539349704869e-01 -8.656968076832863845e-01 -6.935513835678608352e-02
1.784856750742791209e-01 -8.656916162359589162e-01 -5.626926065546267869e-02
1.791664294460966755e-01 -8.722779981570581986e-01 -4.830496759632845610e-02
1.657298989927647181e-01 -8.638220716096876028e-01 -2.474832758370511254e-02
1.518542519422280412e-01 -8.639691010239884950e-01 -7.858810122017181876e-03
1.491486490311630109e-01 -8.695545008735451331e-01 5.634588341326615679e-04
1.759280580257181481e-01 -8.596939713533111593e-01 -1.083864889007312704e-01
1.663013241269538922e-01 -8.577960726324241891e-01 -3.401847518720169800e-02
1.441338921067591983e-01 -8.563887305862394328e-01 -1.090359428981129558e-02
1.758139809777963247e-01 -8.536767854365768793e-01 -9.700935374364463848e-02
1.762839392125229721e-01 -8.536731659574813280e-01 -8.436462349103282521e-02
1.705103097353476149e-01 -8.507271136312184456e-01 -5.261238960175198404e-02
1.429960023407797487e-01 -8.488114583475692143e-01 -1.858066901233532825e-02
1.280590007166762800e-01 -8.521795311416966445e-01 -7.198204707164819471e-03
9.364714284813821510e-02 -8.501318433196221047e-01 -8.110431982950534746e-03
-9.300787494130974276e-02 -8.504716007725486859e-01 -1.013962816013536383e-01
-9.928494869657533695e-02 -8.505383910313801810e-01 -9.106442634717412665e-02
-1.058372345113844648e-01 -8.532829080779383846e-01 -8.358317727285949350e-02
-1.221523086189432450e-01 -8.547932113473138971e-01 -6.809893448591797238e-02
1.762111351219355637e-01 -8.637060972481449550e-01 -8.523988913964336556e-02
-1.368533412416586548e-01 -8.549482526199476684e-01 -5.733739611891870008e-02
-1.522064770945815437e-01 -8.551097365625123237e-01 -5.032106169509550225e-02
-1.693666487611227844e-01 -8.552896106975819146e-01 -4.846565941333336874e-02
-1.788740871236566832e-01 -8.553894599863963721e-01 -4.736046750998438443e-02
-7.405158628344638005e-02 -8.462549507140763039e-01 -1.543698938449826197e-01
1.739216196284234239e-01 -8.396501937051242814e-01 -1.014796315769850577e-01
1.620005500861802505e-01 -8.417876512043159787e-01 -4.523374060579305606e-02
-5.295614157361719365e-02 -8.420172956832575606e-01 -1.842801932164701562e-01
-7.663058442852992147e-02 -8.446773741020182635e-01 -1.458046157910515839e-01
-9.095012362530291439e-02 -8.444305672436976939e-01 -1.007701729903665577e-01
-1.784314794136993565e-01 -8.453522753470644746e-01 -4.542900680370807326e-02
1.388466985751467542e-01 -8.408283559406957153e-01 -2.424595398843661792e-02
1.079440421485655943e-01 -8.411528570290988105e-01 -1.529604278655588567e-02
9.485319080756932086e-02 -8.384799433905330002e-01 -2.197760930325039913e-02
-5.681131235666195267e-02 -8.427275547906575293e-01 -1.764970605265563375e-01
-6.696053980314431442e-02 -8.431697541840399435e-01 -1.621767990298018103e-01
-1.273056323388764011e-01 -8.436113255737137662e-01 -6.210112379059681137e-02
-2.229077450275942021e-02 -8.336682202483394200e-01 -2.091998126967108129e-01
-1.372535616748653542e-01 -8.413082761209823568e-01 -5.644243107062949655e-02
-1.851069092409738381e-01 -8.422683356019675660e-01 -5.298183066881944486e-02
1.734985577156401837e-01 -8.356429333280332994e-01 -9.337895338202195639e-02
1.722051156227299706e-01 -8.352119184516993977e-01 -8.096608261146515106e-02
1.703814120241693153e-01 -8.373978807510734645e-01 -6.945423082174898011e-02
1.661147851135305331e-01 -8.307072212069224193e-01 -6.383135825741895197e-02
1.557055971409904427e-01 -8.291459555598917897e-01 -4.729585894862218393e-02
1.523120299269271616e-01 -8.358703536824551028e-01 -3.859332683140306169e-02
1.034545349848662033e-01 -8.323704788143500011e-01 -2.527022267820579898e-02
9.919044485337288886e-02 -8.284017758056299030e-01 -3.153102979314786197e-02
-1.868475838625778887e-02 -8.296188416378807995e-01 -1.986340765728054902e-01
-3.808022289165915314e-02 -8.308278336451169199e-01 -1.721452668074983650e-01
-4.881858653973961820e-02 -8.348422007602230854e-01 -1.657099095231460428e-01
-6.079624046402175297e-02 -8.346509643560066083e-01 -1.480456588839912657e-01
-6.320546364032059161e-02 -8.320974641272335104e-01 -1.394156734821977439e-01
-7.351413323319194726e-02 -8.386264968471104364e-01 -1.331125330214776581e-01
-9.611712752478085431e-02 -8.379429400580691301e-01 -9.051934992453439244e-02
-1.044510812998950544e-01 -8.325352526795207764e-01 -8.201267405591877724e-02
-1.216168577960504149e-01 -8.375318390655431822e-01 -6.805933890213330950e-02
-1.380942671536654620e-01 -8.316857381763745893e-01 -6.272444798237608587e-02
-1.682086951080771497e-01 -8.311992957584679598e-01 -5.486017669188213847e-02
-1.683356110690919227e-01 -8.409828156309231417e-01 -4.527661111148126999e-02
1.676186199799061249e-01 -8.236682719305118416e-01 -7.320033590675983914e-02
1.451207945290035328e-01 -8.239071208538467639e-01 -4.137555472330620848e-02
1.074067755246246314e-01 -8.243031514768892620e-01 -3.040326586658776559e-02
-5.554098983566287812e-02 -8.259975343001303427e-01 -1.453818223020238998e-01
-1.130030989821335374e-01 -8.266061747299323637e-01 -7.777768604268431307e-02
-1.534927588428262601e-01 -8.270316164687792071e-01 -6.342868274200300083e-02
-4.159637266626987212e-02 -8.238429730204764878e-01 -1.619408361207395619e-01
-6.594652441035706025e-02 -8.241012548510959768e-01 -1.297535976409309455e-01
-1.244375208678934475e-01 -8.249425343672039945e-01 -7.326638999045589906e-02
-1.426474448652564342e-01 -8.261148256467919504e-01 -6.857257271058617154e-02
1.586401293032843329e-01 -8.207540085902951255e-01 -5.625537136470910166e-02
1.364525741127414205e-01 -8.745663313176462728e-01 1.527907518224301889e-02
1.683511316084755072e-01 -8.176401896102432065e-01 -7.918472804810303134e-02
1.490699558298457794e-01 -8.171763949278587624e-01 -4.849095848313996621e-02
1.157129438787633524e-01 -8.147298334388384244e-01 -3.790398895891496783e-02
-1.684581568130883236e-02 -8.187072453649058001e-01 -1.975014275528822472e-01
-2.365917199639808524e-02 -8.196399393619815399e-01 -1.839151924072435496e-01
-3.464107039920068937e-02 -8.193551549217720220e-01 -1.689088877245044362e-01
-5.927227672338599568e-02 -8.196162967465019378e-01 -1.375272292319544287e-01
-9.287458282989102809e-02 -8.183670488072743998e-01 -9.807236435653690632e-02
-9.915162052168707829e-02 -8.215203337133551997e-01 -9.136220435603975565e-02
-1.156282663286908596e-01 -8.105796290599434073e-01 -8.985960385785102256e-02
8.685125715664474000e-02 -4.593401684249597827e-01 -1.960559026387594800e-02
-1.704181494622120097e-02 -5.547221995322502153e-01 -1.191380890343447518e-01
-5.748747344366702400e-02 -4.608474938800845022e-01 -5.883034596261612487e-02
-9.775760544837058807e-03 -4.964592157660746019e-01 -1.114722797122002784e-01
8.583441758136919897e-02 -3.875668235606276046e-01 1.115235666882314139e-02
-7.897534083446219877e-02 -3.704691673259621898e-01 -1.363335308742653212e-02
1.582615727705582176e-01 -4.405369246986833298e-01 4.691984328279254213e-03
1.083471656214959888e-01 -4.370459385554154030e-01 -1.957975126161533297e-03
-3.556214192355467568e-02 -5.689631437051717588e-01 -1.051485033520387913e-01
8.738571758584984250e-02 -4.412768416780848968e-01 -1.687796440658492075e-02
7.982054368023311364e-02 -4.353352406084741721e-01 -2.678121278992993265e-02
-6.670055093411906069e-03 -4.121558445446991681e-01 -1.026479407640187858e-01
-4.222258888889609402e-02 -7.476035235935054590e-01 -1.586574796264293707e-01
-1.829406263493743232e-02 -8.028603475809519274e-01 -2.089249359887748181e-01
9.371900154722920262e-02 -4.601603527299345520e-01 -1.637773785448390362e-02
-1.173098373407350792e-01 -2.688595645503535914e-01 9.193430680958663420e-03
-5.667499146117223330e-02 -4.379088411960070926e-01 -5.014010422979502807e-02
-7.152357278655283035e-02 -4.369179315910183825e-01 -4.645207969330814729e-02
-7.420762587356358186e-02 -8.333291520809564812e-01 -1.213016967441402361e-01
-1.252202231675589306e-03 -3.336982000512176416e-01 -4.109302637334919656e-02
1.149441140782010984e-01 -4.309581279974548096e-01 5.980858813687900399e-03
1.387820958256420212e-01 -6.788370653691834233e-01 -4.794040491578032553e-02
-9.307373368112151213e-02 -4.315261448049888537e-01 -4.319632579300437120e-02
-7.174203029677556076e-02 -8.197040015867868012e-01 -1.208909865882637769e-01
-4.952475232827985643e-03 -3.503443078808336497e-01 -4.389761896660020896e-02
1.768585288624229257e-01 -7.112067005887280358e-01 -8.454978072378663279e-02
-1.259147850867654850e-01 -4.314669925665568506e-01 -6.010095041480515571e-02
1.266469474612839374e-01 -4.910281600053713613e-01 -9.812838550067870536e-03
1.383723338776482459e-01 -8.906996082198453957e-01 2.463261514691428289e-02
1.427139246284090668e-01 -4.266549358453657348e-01 1.208637521795342257e-02
8.313656074196879020e-02 -4.259382771699491421e-01 -1.480305700209179343e-02
1.995753635124563330e-01 -4.216771991122829077e-01 -3.227963694781400134e-02
1.570991977267967576e-01 -4.161851607070219949e-01 1.106701067780879733e-02
1.250143375097319820e-01 -4.231922192959645113e-01 1.315810551599408754e-02
-1.211792129393712281e-01 -5.163556591125080253e-01 -8.236958791856821560e-02
9.366340937981007531e-02 -4.151288178201331114e-01 2.786284231154772389e-03
-6.126041684725667957e-02 -7.122615154873453980e-01 -1.396150900354846680e-01
-1.204734134592196082e-01 -4.434492275649674076e-01 -5.666659334765914574e-02
8.689074247274150564e-02 -4.192117092552294366e-01 -5.520077153265523506e-03
-2.728735904384677752e-03 -3.920518427593607247e-01 -7.875424371223230247e-02
1.928828484783835506e-01 -4.401723687627424608e-01 -1.511463019012401071e-02
1.507012956967971051e-01 -9.000992424745218878e-01 9.050962564944597250e-03
-1.101800967930584470e-02 -4.251681597792539291e-01 -8.114820173317563445e-02
1.412452735747765364e-01 -4.407153345733089700e-01 6.957597788095470220e-03
1.561997480440212860e-01 -9.000409581844460716e-01 2.149541472990353086e-03
-1.413776918385735264e-02 -4.209315659124737707e-01 -7.180608252428907767e-02
1.899205895104211783e-01 -2.771801646576673717e-01 1.411571437882479241e-02
1.844381656441998196e-01 -4.573161352362002940e-01 -9.282320241549700535e-03
-3.878849747317937580e-02 -4.233556185234826907e-01 -5.148341927155079129e-02
1.666326907764777709e-01 -4.103525889814647609e-01 7.994016030100390552e-03
-7.615825960883540469e-02 -7.660200306814844984e-01 -1.324415714407703448e-01
-5.869158095257431471e-03 -4.121488571045203164e-01 -8.905803563842643045e-02
-4.907900287556470065e-02 -7.476762098688457536e-01 -1.499795084534685519e-01
-8.589677595451505887e-02 -4.099830094723646012e-01 -3.200913632727015595e-02
1.323624317695473451e-01 -4.147250895404618887e-01 1.723369054745138226e-02
-1.168897525191887332e-01 -4.101060843427874469e-01 -3.969386754939515510e-02
-6.696131467638512247e-02 -7.077353450438055305e-01 -1.362160612073023136e-01
1.595815892168075956e-01 -4.040904708578931803e-01 1.207537679783750317e-02
1.201831170007493788e-01 -4.095025127487250116e-01 1.859962044906440445e-02
8.230742748475203263e-02 -4.055015595164698228e-01 -1.546741562645982671e-03
-1.103110618068688653e-01 -3.521639466231875071e-01 -1.404075910068266347e-02
1.746729326276516281e-01 -8.550304073179803011e-01 -5.891167376449408383e-02
7.594282347710717973e-02 -4.059498114170239647e-01 -9.523022391881519333e-03
-8.501562430078175164e-03 -4.422724630915589317e-01 -9.857823198268794718e-02
-1.318996730517902616e-01 -3.532786464261815640e-01 -4.373221316865513048e-02
1.972925487185122340e-01 -3.979875834253588929e-01 -3.927649092303640149e-02
1.622657230474167656e-01 -8.167021857720314637e-01 -6.447122877995889456e-02
-1.590990893352159374e-01 -2.171275725585993521e-01 -4.958284291871513372e-03
1.436480442304717553e-01 -6.943264804418430858e-01 -5.059181982083345991e-02
-9.962012654706367543e-02 -4.184861623399531716e-01 -3.690879787502814730e-02
-1.193580727181263110e-02 -4.001762304761542488e-01 -6.037057728767585701e-02
-1.260056218256318250e-01 -4.599589383127407616e-01 -6.677808425736475595e-02
-3.640300620152291111e-02 -4.064534684328514613e-01 -4.587473529154551671e-02
2.029383381919207807e-01 -5.805155254694951417e-01 -5.790569620365188658e-02
-5.067892464663162344e-02 -4.089188302034844069e-01 -4.028283490888558832e-02
1.962314091512097902e-01 -3.899743231904111429e-01 -2.199381459437368957e-02
-1.058802934138569074e-01 -3.941407427903571570e-01 -2.584667723829148916e-02
5.349588430899527430e-02 -2.623922196350712555e-01 4.142973200640753112e-02
8.741761223254224111e-02 -5.897512567963256735e-01 -6.057408185399807549e-02
-8.983562006837056413e-02 -4.431292834822149196e-01 -4.828656318148117493e-02
-1.203446769481816836e-01 -3.924850113785995354e-01 -3.708232966367303735e-02
1.994190983969414965e-01 -6.186744356661976196e-01 -7.049260685765881829e-02
-1.215773736490911860e-01 -4.274090988999717511e-01 -5.309901718908568297e-02
1.117634549825917423e-01 -3.687931887618612903e-01 2.929144271846842451e-02
9.670789301135818139e-02 -5.130100968279126539e-01 -2.442082829466969002e-02
-5.882449259039265743e-02 -8.019546547710675322e-01 -1.362040739364639985e-01
7.714736581641398749e-02 -3.904211374937515688e-01 2.238567156443577177e-04
1.669211283028712856e-01 -8.895418936979976321e-01 -4.439358755099445664e-03
1.959046646861145324e-01 -3.832892715832709185e-01 -2.719148472869595268e-02
-1.526693984152797945e-01 -2.285976442354613336e-01 1.335031906081654562e-03
1.879548047910038211e-01 -2.435932617921455767e-01 2.345253686962088871e-02
1.447280914471963942e-01 -3.865052169814240379e-01 2.050823040527495478e-02
9.527569234124558251e-02 -8.565368069755930902e-01 6.344612379289293891e-04
-3.855323708665912147e-02 -6.693133446649282003e-01 -1.542750499832296618e-01
-6.542113864443355187e-02 -3.887009092684373668e-01 -2.582023061363415695e-02
-9.830554707372640699e-02 -3.877916412984317995e-01 -2.145805240461416685e-02
-1.127836638363163835e-01 -3.874768559311988492e-01 -2.775639042339086288e-02
-1.276746635524383944e-01 -4.447277700623022967e-01 -6.374756353894894811e-02
8.110633452021281942e-02 -3.731256731311517472e-01 1.493903781639847536e-02
1.128787654692104403e-01 -3.330667004803951614e-01 3.598284974868171116e-02
1.207140415399694799e-01 -8.301832537652514832e-01 -2.670732019697107107e-02
1.921091562313626544e-01 -3.679475902594868675e-01 -1.251942070648874583e-02
1.859551133458426098e-01 -3.680131284326433883e-01 -1.836198958228549283e-03
1.003758329275768468e-01 -3.675747554324304556e-01 2.888328287242441367e-02
7.538138823746778905e-02 -3.661627097749766135e-01 1.318385232573206917e-02
1.245467966320024378e-01 -8.803103428294837274e-01 2.611421682537640523e-02
6.725072969760104158e-02 -3.699253427348233036e-01 1.963293854009590111e-03
9.073519536936822116e-02 -8.793265778993752946e-01 2.383054178591257483e-02
-7.904545676021522416e-03 -3.660254631941283199e-01 -4.658829412645721507e-02
-3.198902836949705369e-02 -3.711519413212982510e-01 -3.253778092889274970e-02
1.005604785085761899e-01 -4.413220757270979733e-01 -9.063074806414730955e-03
-3.484117896444832718e-02 -3.643031455941243002e-01 -2.730876780703064832e-02
-8.615714224791713033e-03 -3.864977617481222261e-01 -5.676229314632329909e-02
9.217431355154592776e-02 -4.432335299070141454e-01 -1.463769350904929600e-02
1.611076426751045232e-01 -9.019950238986359503e-01 -6.573918900669363519e-03
1.936520632587093449e-01 -3.687895309107877551e-01 -2.996780629919109512e-02
-5.262169489914876597e-02 -5.871999119334357919e-01 -1.042076440080010602e-01
-1.752673985252420699e-02 -3.701398035004954123e-01 -4.042580818222287625e-02
-1.246979940633023698e-01 -3.712623853979750699e-01 -3.566790073158025015e-02
1.775142804242285099e-01 -3.139285520339977764e-01 1.722212032875386489e-02
-2.602431819926047385e-02 -3.601968176972183411e-01 -3.011708265113016009e-02
1.019099216919460982e-01 -8.211493038144876966e-01 -3.684671696634530397e-02
1.926500840520935787e-01 -4.040584114224282652e-01 -1.337696673125764874e-02
1.950034335002880370e-01 -3.558770944166789185e-01 -2.040630001444679320e-02
-7.834673146100577801e-02 -3.540592602566756675e-01 -6.865783450809487265e-03
1.670638604945235695e-01 -7.815370098718753544e-01 -7.763308680459876654e-02
-1.028639983072224817e-01 -3.589969051136912004e-01 -1.207074040728796371e-02
1.476188515166957649e-01 -6.743445462008083036e-01 -4.719865010608972206e-02
8.676924211239392393e-02 -3.543403434682602104e-01 2.859058347972745495e-02
-1.280719119464835409e-01 -3.512333512189979579e-01 -3.266663214143090271e-02
-7.609196212526951261e-03 -4.410580345247524514e-01 -1.095125852157902147e-01
-1.047122311526709204e-01 -4.399408031292532661e-01 -4.910757691039497469e-02
-8.440627927836932831e-02 -5.694759355636266340e-01 -9.205417952509070689e-02
1.875846483963940770e-01 -3.499376773911763716e-01 -1.632977732587505282e-03
-6.423778031203236649e-02 -8.461504222222634430e-01 -1.715546073643275660e-01
1.292495293636017617e-01 -3.505517124779153337e-01 2.956919269550273288e-02
7.812515226501681731e-02 -3.488573549347863678e-01 2.562325604836587084e-02
-5.336579305467775702e-02 -2.621710192027386088e-01 1.701849186017868887e-02
6.904727629010312673e-02 -3.511806774867951564e-01 1.587609226282625866e-02
1.937535413398384643e-01 -6.528421413271091600e-01 -8.894247296315521689e-02
5.545403953463273056e-02 -3.473091276773683789e-01 4.448681393523855332e-03
-6.184594967933087356e-02 -3.043949032108706487e-01 6.952208558616716771e-03
8.838924810795796561e-04 -3.518857767835809058e-01 -6.802768742645026734e-02
-1.345159552809991610e-01 -4.937549886356892292e-01 -8.880351508089101564e-02
-2.582562530907757392e-02 -7.935765962374237148e-01 -2.053234963714402339e-01
5.487758903652725090e-02 -3.513272089790573371e-01 -1.986770939700649441e-03
-1.273411921087017756e-03 -3.535148795817539269e-01 -5.394827316475987039e-02
-3.748868093447707550e-02 -4.686627445552151716e-01 -7.006674663792791802e-02
-5.832150529172576425e-02 -6.366175715227017085e-01 -1.215092115824396302e-01
-1.371649454832799507e-02 -3.540482813646768645e-01 -3.624716194461027191e-02
1.304310951514118799e-01 -6.037713310184286142e-01 -3.387457891238592617e-02
9.948864089083536699e-02 -2.776766407839670880e-01 4.740171663633428040e-02
-1.544179584751552148e-01 -8.310542940646529209e-01 -6.068672015901602906e-02
-4.903171924548455074e-02 -3.443890295607334173e-01 -9.983948261499259180e-03
9.033905552858845223e-02 -2.837438980105064790e-01 4.442149355112215425e-02
4.963471572110979974e-02 -2.410308188185830980e-01 4.689591503302566883e-02
1.100183351389634190e-01 -6.035617727423044920e-01 -4.217253333777431362e-02
-9.614022039231767680e-02 -6.785615362263697214e-01 -1.323803561949055685e-01
1.285472292975182451e-01 -4.039069208709047398e-01 2.069014071315657816e-02
-1.189332831170026861e-01 -3.544825026805366597e-01 -2.374284836006572419e-02
5.082714673073308181e-02 -3.393305735701630521e-01 -1.448605025416882519e-03
-8.324961861937610341e-03 -3.399465243038297668e-01 -3.475134992735812861e-02
1.959644220866975095e-01 -4.040229364927072631e-01 -2.086499691194715345e-02
2.086688167975025987e-03 -3.378295717521745956e-01 -5.009226704576768413e-02
-6.787623782376209225e-02 -5.716258757261166723e-01 -9.467283340131857350e-02
-8.241553380305398704e-03 -4.603265412417009705e-01 -1.103393819169850298e-01
-1.717332605787712588e-02 -4.595309818158504478e-01 -8.429706600026240504e-02
-4.728311977339073879e-02 -8.194446131169140779e-01 -1.527656821550636701e-01
1.857820561123439407e-01 -3.121213668598946112e-01 9.460864554261448622e-03
1.597170696974365423e-01 -5.589009541566123396e-01 -2.163374475817506776e-02
-1.124880473444997697e-01 -6.540373455257344482e-01 -1.383006173095392699e-01
1.469580520126199941e-01 -3.351168667117452871e-01 2.803329037804450780e-02
-1.342535490144177723e-01 -5.619694735662398299e-01 -1.151999688714923364e-01
-9.511095988885834296e-02 -3.359197100822000626e-01 -2.310180657039903607e-03
1.900504714693419805e-01 -3.258304397368972372e-01 -3.254996213675524080e-02
1.843271424980971185e-01 -3.258945027478111767e-01 7.619717233136126533e-03
-8.581756308811916423e-02 -4.234244279072069683e-01 -3.889399704880209391e-02
1.765692080037246647e-01 -3.319961494256866708e-01 1.332177681095031083e-02
1.623613781049217386e-01 -3.324626713789341492e-01 2.239743108184932482e-02
-8.472270760417358049e-02 -6.988928534673362059e-01 -1.326493401633022096e-01
1.556286488079656749e-01 -3.261970376366853941e-01 2.738808423272240736e-02
-9.041858525045395889e-03 -4.603358492279759351e-01 -1.013225245540322061e-01
-7.604465548329047975e-02 -6.950398135215098971e-01 -1.323409517554332560e-01
1.336733094594878546e-01 -8.146630177895378688e-01 -4.142146953840556561e-02
-4.184045548731592234e-02 -7.596386549474916094e-01 -1.583669330639548289e-01
-1.244558507069622871e-02 -4.611020071919508800e-01 -9.259418389892606904e-02
-1.291420515221764452e-02 -5.025124110884571227e-01 -1.038794223163660990e-01
1.905908928906402122e-01 -3.147161051257641451e-01 1.903207715100274644e-03
1.512306981313321086e-01 -5.673501064862808141e-01 -2.287703312537610334e-02
1.606361555510683603e-01 -3.682801062157193273e-01 1.627869568737356706e-02
6.825349117652793063e-02 -5.339958437651869394e-01 -3.874032352712083321e-02
7.571501164732635791e-02 -3.328995128847956342e-01 2.917456093207713985e-02
-2.571185679912085797e-02 -4.620735959764610268e-01 -7.619229797647700253e-02
6.080425204293237601e-02 -3.301991436187186046e-01 1.916764317806077950e-02
-1.373822463550009310e-01 -4.777336216262022539e-01 -8.461936993825724951e-02
1.808261025906213182e-01 -2.095588248351954175e-01 3.362109668870833651e-02
-3.707731087489958555e-02 -6.580618276670369138e-01 -1.515728698788362250e-01
8.723469719451243387e-02 -5.676836425262916652e-01 -4.455684211355270125e-02
-4.352237078341494869e-03 -3.278658796783013307e-01 -3.390691627134585079e-02
1.045386660523252298e-01 -8.751689195886359629e-01 2.396017499465486617e-02
1.884653845275398310e-01 -3.318675201501940508e-01 -2.617489271319085875e-02
-1.397578962821591220e-02 -3.336704005273830043e-01 -2.667083781715765683e-02
2.144971260016145798e-01 -5.442759937645640367e-01 -7.900687114748788931e-02
6.138620951759091865e-02 -3.693172205886947612e-01 -4.378750711908019344e-03
1.749303341612939711e-01 -4.042457255318632203e-01 3.836240522368743189e-03
1.141676861615776584e-01 -7.830966943324615404e-01 -5.262878411384713101e-02
-5.872239327552152693e-02 -3.344581856627512617e-01 -3.084888205727609467e-03
-7.516437408605011750e-02 -3.343138120235540356e-01 -3.467406273457568355e-04
-1.076180416275583085e-01 -4.780928989501114779e-01 -6.371051278195757894e-02
1.442336905318692131e-01 -7.456617514464728425e-01 -5.565903510914255864e-02
6.680096212364861064e-02 -3.371593411605942614e-01 2.169825551234403835e-02
-8.879564915409912662e-02 -4.585005078341550244e-01 -5.387524513803596676e-02
-1.068014033788434181e-01 -3.341014764992773500e-01 -5.509487753038395941e-03
-1.160074867203127191e-01 -3.350571720611288384e-01 -1.127092453405082600e-02
1.318576056384888062e-01 -2.963505583594103210e-01 4.062155134698024889e-02
-1.258111808763491823e-01 -3.351586891366704068e-01 -2.231655396890679793e-02
2.117321155921848830e-01 -5.142088172437578875e-01 -6.794787108313277146e-02
6.757385610677701937e-02 -3.853036684907614751e-01 -7.556830384520575594e-03
7.854143119424383812e-02 -5.304050078022095605e-01 -3.463717509681884382e-02
-1.528388552445997250e-03 -3.820076201635210777e-01 -7.465871655842645782e-02
-7.636483462579031836e-03 -2.624418414006077782e-01 -9.967260884163317569e-03
-1.130906960855529442e-01 -4.012382573413743048e-01 -3.277863023834342443e-02
1.159310175491816419e-01 -3.988458465178571499e-01 2.223749222142267640e-02
1.015947343079244558e-01 -7.922577362572850168e-01 -5.616953040263283209e-02
1.869364933207885437e-01 -3.198443042743497888e-01 -2.974060620336139299e-02
2.105605046888569531e-01 -5.342850296648341546e-01 -7.827999220126163893e-02
-6.735240745746184921e-02 -4.047724173884080234e-01 -3.240371339500256603e-02
1.712023913194919977e-01 -4.878862716502440633e-01 -8.604454720522736189e-03
-9.479823004530288366e-02 -3.522251111357010411e-01 -7.429132542793162597e-03
-7.746786980055275079e-04 -3.699611742677315074e-01 -7.170530082921419690e-02
1.299175388261350206e-01 -5.150711093350893721e-01 -1.337907445619176960e-02
-9.836780384119894749e-02 -3.200259818056018224e-01 1.099190108281002110e-03
-2.856059978573285280e-02 -7.882539857938944960e-01 -2.052416939459734968e-01
1.856682513721196748e-01 -3.098252044998673349e-01 -3.269539235828752138e-02
-1.282319561794149632e-01 -2.629538416396807743e-01 6.658814109525887370e-03
-1.018619339653484834e-01 -2.947810682906476520e-01 6.364695482102611379e-03
-1.201985014704151818e-02 -5.343181482640435576e-01 -1.228202419857009342e-01
-5.864691201451366354e-02 -3.765920293093538707e-01 -2.262672432226583291e-02
-3.669350023194719451e-02 -3.402457012356805977e-01 -1.404065989625218752e-02
-3.689587771598580590e-02 -6.953780420467081669e-01 -1.738817767794136604e-01
1.355058711119327686e-01 -2.100357539672124130e-01 5.678018022716040114e-02
-1.319703975068237944e-01 -2.369100326930303480e-01 1.467127373033167564e-02
5.764359786779815059e-02 -3.593232258246138455e-01 -5.923391166674459030e-03
1.803840492534413142e-01 -2.436732178431009199e-01 3.008961450517435784e-02
1.422816251005707411e-01 -6.099128821765819053e-01 -3.336328308261490155e-02
-1.727824632192401927e-02 -4.109336424701448554e-01 -6.126948197508463173e-02
9.665300309928753775e-02 -3.498373527312650388e-01 3.232357436437289372e-02
-4.628053204722485520e-02 -4.727688179290094883e-01 -6.718700400087734836e-02
1.605853740060440571e-01 -7.093737791800740489e-01 -5.742035630473227986e-02
-8.846743754853639286e-02 -3.300881248897175047e-01 8.160276878029434910e-04
-1.363047091895636664e-01 -2.120753727454834092e-01 1.977392726643267470e-02
1.927669575579827321e-01 -4.221151707793781016e-01 -1.424438106816224014e-02
-8.755531564656793275e-02 -2.307130945600184280e-01 2.725570225786350803e-02
1.660771465576769412e-01 -2.441407480597232726e-01 3.888231597433409320e-02
-2.579375024248269088e-02 -8.037646047860321774e-01 -1.833022944343062344e-01
9.758440463170431345e-02 -4.010435534457277296e-01 1.491897270119454944e-02
-9.851744545297805300e-02 -2.566246407092501736e-01 1.845246805554787844e-02
-2.953159161046685355e-02 -5.528482245960147923e-01 -1.030055629851936994e-01
1.492848285828889121e-01 -2.429200524986805942e-01 4.611342474699560434e-02
9.960006546451821707e-02 -2.448384704112482602e-01 5.486183465832333156e-02
1.026111964261737231e-01 -2.959882766835203460e-01 4.379575826438645431e-02
1.980935230334507913e-01 -4.401170131814258757e-01 -2.283799037068690030e-02
-4.322380356449841837e-02 -5.208894742916324594e-01 -8.426521715129045575e-02
1.187115829365957276e-01 -2.432410400918538773e-01 5.443904204386763174e-02
1.803668687526937264e-01 -5.471469140314070279e-01 -2.546989450109930775e-02
-1.853338766144322844e-02 -2.306140581922723198e-01 1.016689652598795277e-02
-4.450287945285743424e-02 -4.366342168218936837e-01 -5.405625379307472250e-02
8.239337603420704426e-02 -2.441283263253792024e-01 5.303058449995153023e-02
2.048789398253994254e-01 -5.853101839863996680e-01 -6.624788584554172632e-02
2.923524127111502835e-02 -2.412430779047127771e-01 3.385075418439392747e-02
1.049850468448121910e-01 -2.249740747221025405e-01 5.906576469454880712e-02
1.243527215048567391e-01 -6.411330528154336461e-01 -4.443560893622191393e-02
1.637638991279179168e-01 -2.093373308967238500e-01 4.482520139915624480e-02
-1.109976804871699030e-01 -8.522675618077936166e-01 -7.714989213969963844e-02
1.086785724150944599e-01 -5.322364144740850955e-01 -2.366971009338234705e-02
1.094332134648561272e-01 -3.213316944348164617e-01 3.898252965211021492e-02
2.514207710237748028e-03 -3.167583894926661592e-01 -3.899294903211725921e-02
-1.509878152598558010e-01 -2.511524234386439125e-01 -6.666425625278117606e-03
-8.372457841501682041e-02 -8.431494203106090213e-01 -1.162248750592488888e-01
-4.478395163761306197e-03 -2.464075847455760304e-01 -8.502135044426602228e-03
-1.059354640771500711e-01 -3.449850072152522706e-01 -8.606127634438777430e-03
4.086108720835690544e-02 -2.780974577112103607e-01 2.745358185022704622e-02
1.988986149884590937e-01 -4.588961630845136974e-01 -2.332960410773726734e-02
-3.506016778645845017e-02 -3.866259883389895347e-01 -3.860233120127577050e-02
-1.077747113399984691e-01 -2.627404132934364478e-01 1.422072335937334120e-02
1.027265073537018125e-01 -4.584450478979604227e-01 -1.223771793413166303e-02
1.716082574183867837e-01 -2.104586118421893359e-01 4.001997667830301669e-02
1.970939710674177725e-01 -4.048697267632354602e-01 -3.384265668046806258e-02
6.411620578787352587e-02 -2.603704574253580817e-01 4.497695929608076099e-02
-3.399823946623579951e-02 -2.482877405993316189e-01 1.415787675804510218e-02
-9.118831881797540007e-02 -2.164201581004401853e-01 3.075133853739895826e-02
9.653545771765750794e-02 -3.851858466129589598e-01 2.119932797798493307e-02
9.140530408423760966e-03 -3.134556608025070856e-01 -4.591459641846414724e-02
-3.924196513607390580e-02 -2.430733124026624448e-01 1.780041144967274558e-02
-1.001691917101635021e-01 -2.451051098223350766e-01 2.156805581937792579e-02
9.529132593569947240e-02 -3.328494896093222577e-01 3.551465980995362204e-02
-1.102678473579384866e-01 -2.477186892396439633e-01 1.846244147905548583e-02
-5.075881606828465051e-03 -3.701904259820752996e-01 -5.420122499560512536e-02
9.525751333611467975e-02 -4.778580387745853253e-01 -1.841429738001255922e-02
-1.258185751291638066e-01 -2.132703042177900576e-01 2.391950082720947779e-02
-1.847169309804763682e-02 -3.908034490043688636e-01 -4.915302863704650721e-02
1.125075128086717169e-01 -8.527076974519395280e-01 -2.315241123221324637e-03
1.873799831044734299e-01 -4.944044833114850102e-01 -1.747898208370621959e-02
1.130039234750489230e-01 -2.490632081379481333e-01 5.398535756453848311e-02
2.019237929450335145e-01 -4.414135516710534501e-01 -3.270996583517048889e-02
-7.360954895979696100e-03 -2.266222688860426715e-01 1.915551393618826481e-03
-7.316198194591675558e-03 -4.242020222407749119e-01 -9.399158639844279461e-02
-7.644450588313300710e-02 -2.363298223709754398e-01 2.631209602571783074e-02
1.085986208723072610e-01 -4.049417234349333428e-01 1.785009939719389011e-02
-7.044301407838787776e-02 -2.623500491816923574e-01 1.911111453525235482e-02
2.020321700057718384e-01 -5.128546587686276803e-01 -3.441280037985270518e-02
-4.791580862502643756e-02 -3.674500789523084676e-01 -2.246137149202492161e-02
1.428900832652906239e-01 -4.563477420820971631e-01 1.572115948829062859e-03
1.948435897976436293e-01 -2.254618995143571059e-01 1.607044387516739017e-02
1.190537414185820764e-01 -6.002573730904492422e-01 -3.649933490581825507e-02
-1.063356148553475100e-01 -7.841087564171106417e-01 -1.213107231110727435e-01
-1.454369198806560737e-01 -2.791841119381843206e-01 -1.246099612523651062e-02
1.541465517418142972e-01 -2.486313151262026233e-01 4.338599104924769495e-02
-1.122071742472754707e-01 -2.993480319487337726e-01 1.641313009559566827e-03
-5.222759938967515281e-02 -2.441014870332687825e-01 2.147038935761273054e-02
-1.435935523734325203e-01 -2.611073178872063139e-01 -2.362135285910650639e-03
-2.235181166883591641e-02 -2.618449198336152417e-01 3.865382364815244526e-03
-1.327731335128609913e-01 -5.258394894151924293e-01 -9.726693908343861383e-02
2.064676882260589041e-01 -5.263054854114286307e-01 -4.422220397123081265e-02
6.666157106715894787e-02 -2.741595986084119918e-01 4.131577711026662714e-02
1.722360036888554990e-01 -3.681579828253007114e-01 9.846217564395385452e-03
4.811150398163222680e-02 -2.871939187284383022e-01 2.817327892942681627e-02
1.750902934156425006e-01 -2.945584875500183997e-01 2.477569694128944205e-02
3.729345175728072947e-03 -2.314732007446588524e-01 -1.007062722457783416e-02
2.010666428285327045e-01 -4.360709221157388349e-01 -4.233901929434350647e-02
1.619282109921506840e-01 -2.239853757875805151e-01 4.395281904029268993e-02
9.506782693882534496e-02 -7.822923986932308615e-01 -6.284052603792206204e-02
5.998579187406840457e-03 -2.595392408236505410e-01 -1.864453256030647321e-02
1.719608372817856279e-01 -7.232958708578791640e-01 -9.933848229926561801e-02
-6.997358057748609417e-02 -4.248635350145072986e-01 -4.122448455984214361e-02
2.807280373184792982e-02 -2.312232993050350460e-01 3.684943202377735649e-02
-1.548909634122578038e-01 -2.331342427731179778e-01 -5.310046200016391160e-03
1.968471034033943412e-01 -4.234093602618070329e-01 -2.151799860230804023e-02
1.184117326786070235e-01 -2.262665187176014781e-01 5.775528909388212562e-02
1.963031689827458570e-01 -2.595551026902443437e-01 1.014771905854763845e-03
1.267382261560102696e-01 -6.756189092153958020e-01 -5.009051321017380515e-02
-1.114122822376132638e-01 -4.453611790001620330e-01 -5.352732633680738067e-02
-6.396532882417636789e-02 -2.428868974008814019e-01 2.383033469368947554e-02
-8.392524083221775122e-02 -3.407415020240473491e-01 -1.993301277488708501e-03
2.896524345724891397e-02 -2.111502035511671760e-01 4.638419785125429823e-02
1.442619087689338275e-01 -7.637198110581219224e-01 -5.677967616892882347e-02
-3.647463412460209831e-02 -7.842063658153421990e-01 -1.662576803327567576e-01
6.007989020833775368e-02 -2.281308207104137675e-01 5.285398523546888661e-02
-5.140174321605139179e-02 -5.624415534304763042e-01 -9.530982487087608090e-02
-8.457822422471386603e-02 -8.360508097182549614e-01 -1.062406070258747615e-01
-1.126363058390920588e-02 -2.448741468422524215e-01 -6.456481937852226460e-04
-1.472327187426568373e-01 -2.457629062537538545e-01 6.466028835170264943e-04
7.626014590246994046e-03 -2.093630837027347091e-01 8.177718995217988368e-03
1.712899967226242659e-01 -5.126315068470942427e-01 -1.376790202453721107e-02
1.193201913572727035e-01 -3.265781820717051920e-01 3.672191932846499002e-02
1.899081591630605026e-01 -2.094629066413545015e-01 2.564906735200915208e-02
5.590955062610777210e-02 -3.148375536955083098e-01 2.188491239802933808e-02
-1.273297540442831777e-01 -3.131048156931315884e-01 -1.105730735862722053e-02
9.911919115172160288e-02 -8.136868094495829373e-01 -4.582580151538067498e-02
1.857848608879121566e-01 -4.041311872738365119e-01 -4.724882273562582002e-03
6.655460740622898275e-02 -2.100890544787869518e-01 5.864807864207341459e-02
9.021092123243240612e-02 -3.690183456884466584e-01 2.425447364451011056e-02
-6.054741431268836210e-02 -3.559302455840845369e-01 -1.102844411055552143e-02
-1.417309935399186094e-01 -8.212882865799702170e-01 -7.693792557602158189e-02
-5.007594414589942172e-02 -2.119761885969368154e-01 2.975103903898536004e-02
-2.226138940246409625e-02 -2.241680217259982011e-01 1.479281515211454054e-02
6.382319413163661803e-02 -3.119097850144142425e-01 2.843903716141725144e-02
1.056588267932246639e-01 -3.917299807078431506e-01 2.276884692164002008e-02
8.993744882011253661e-02 -2.065004467887101014e-01 6.254123463493507784e-02
-1.243314954012197104e-01 -2.288043442823450013e-01 2.006751146978699024e-02
1.126875222528476439e-01 -6.926195013270378675e-01 -6.082088916907044812e-02
-2.002848501096885989e-03 -3.719812688774186138e-01 -6.404100674422308348e-02
1.190922709402632562e-01 -2.102080301301909593e-01 6.076665479172931733e-02
-5.512611337671125683e-02 -4.453892361730296123e-01 -5.366816662515718622e-02
-3.789353283551215312e-02 -7.294968955103799946e-01 -1.903025967031024002e-01
1.113952729741715109e-01 -4.470459450618520236e-01 -5.222414838097308443e-03
-1.390832707898597698e-01 -2.458121018800754620e-01 7.335535325146545771e-03
-8.759183287929300787e-02 -2.619562702385995201e-01 1.861389083269501810e-02
-3.092620854832934391e-02 -7.835984882045382571e-01 -1.909641989844394483e-01
-1.549302977071720655e-01 -2.130714052700901362e-01 3.447308887663851767e-03
1.682567822903445476e-01 -8.541627453887362664e-01 -4.288668479427688168e-02
1.830975675494391497e-01 -2.827702295386494424e-01 2.110863160555811677e-02
-3.641784965656080786e-02 -8.353238415971216968e-01 -1.804131449300371004e-01
1.496238418263273751e-01 -2.600481900815106440e-01 4.289908437938255714e-02
-8.234219217258240131e-02 -4.024215053720345270e-01 -2.842124883648693145e-02
8.517246805951395050e-02 -8.606559813253230606e-01 5.421518771535419057e-03
1.116334803842273515e-01 -6.757761202880511187e-01 -5.931933855028923702e-02
-1.353623006303034115e-01 -2.229003399250200357e-01 1.722369529229388074e-02
1.507993293410146984e-01 -2.259264400741942680e-01 4.852525406130161340e-02
-1.040768961751326882e-01 -2.128282716945039399e-01 2.971407985029570625e-02
1.344507907868964791e-01 -8.656574842691183713e-01 5.917007980332664174e-03
1.709852108650661284e-01 -8.167513160675389239e-01 -9.219301169781257688e-02
-1.897252459403343458e-02 -3.485308369726400346e-01 -2.930099475109924217e-02
4.737229678971745933e-02 -2.260063539958126200e-01 4.991402238658249058e-02
-5.456809575702254583e-02 -2.802416324362177469e-01 1.238346986180459408e-02
-9.060156284166256957e-02 -3.156644788591448925e-01 3.971392285730158955e-03
7.143280274666066743e-02 -3.859329311772156101e-01 -2.231437511552046560e-03
2.003876446794025101e-01 -2.173747139725946409e-01 -1.842468245324713205e-02
1.422631399573243832e-02 -2.835299541781592381e-01 -2.958175839527168310e-02
-1.324826041036028801e-01 -3.372346233145985250e-01 -2.737550855953417572e-02
-1.038974689905924342e-01 -2.280675661559436462e-01 2.563215110906838512e-02
1.876691044054023261e-01 -5.495780725948372636e-01 -3.068505722675390207e-02
2.076684777043738273e-01 -4.585178875700852696e-01 -5.009961739917318663e-02
1.932184653170928024e-01 -2.435373668752255083e-01 1.587955649303078934e-02
1.152107421227349382e-01 -8.603415568006735903e-01 6.437029618230966782e-03
-7.404066682506577068e-02 -4.610211906819276506e-01 -5.524255625395112917e-02
-8.962014700555992475e-02 -6.728603037919237417e-01 -1.279475682944115900e-01
-2.898840837974459364e-02 -2.920110213939044463e-01 -1.370214313811610185e-04
-1.454882313327048315e-01 -2.129735684787302519e-01 1.346012611654564747e-02
6.234273484575272167e-02 -2.449111695175447134e-01 4.901499857705501201e-02
-2.598324835983270575e-02 -3.160565499184970761e-01 -1.010970693873285836e-02
1.599894523845520611e-01 -7.274382518924190633e-01 -6.032355050332529472e-02
1.967134240636965459e-01 -5.111599863134980160e-01 -2.811355620822665602e-02
-1.220019135671592536e-01 -2.453331180466312156e-01 1.572916380396395183e-02
3.029365004236048153e-02 -2.238434336523681401e-01 4.179781651204349940e-02
-6.910997280294876172e-03 -4.322215140550482171e-01 -1.159732829163642731e-01
-6.044433729631749214e-03 -2.991258249735025410e-01 -2.175581423233742540e-02
-9.705192096360151788e-02 -5.829838944619532004e-01 -9.703398493644566081e-02
-8.418314617975314329e-02 -2.119687558906785396e-01 3.255277814997170616e-02
1.965446897255078429e-01 -2.093924582910795529e-01 1.634478336818702762e-02
1.257633725883572640e-01 -9.063789444201449941e-01 -4.026540255322313966e-04
-3.493183627668439151e-02 -6.601021126600343791e-01 -1.610832711463808520e-01
-1.007241107834121741e-01 -5.684428208765712753e-01 -9.223395708047213426e-02
-3.144786032809359505e-02 -4.956330353435631775e-01 -8.257362749326374596e-02
1.763337995911708200e-01 -3.866743057115153426e-01 4.773993742429392950e-03
-1.309482947505108408e-01 -5.519034007163042821e-01 -1.050927800792131050e-01
-1.094598016450762656e-01 -3.162626798305115394e-01 -1.686443620820564371e-03
1.824534150692037893e-01 -6.933764079337803032e-01 -9.160833546635610558e-02
1.311016411842716167e-01 -3.144165985945107655e-01 3.726127744771727535e-02
1.357231768869360811e-01 -4.612381612824277832e-01 -1.132934229391473202e-03
1.891436303309089184e-01 -2.238027267037046852e-01 2.493418890316545511e-02
1.683528714843387786e-01 -5.688425947257709225e-01 -2.589350456083783919e-02
-1.016106246608701746e-01 -7.890282445696934488e-01 -1.143367600969600606e-01
-3.405296744701946654e-02 -2.118078878077038485e-01 2.464894570259500498e-02
-1.108383268170026470e-01 -8.197031116055282229e-01 -8.405628683127275291e-02
3.450032828003599117e-02 -2.070797539874326687e-01 5.115685385437747368e-02
1.611680720353941276e-01 -3.502164073481014994e-01 1.899908249060877977e-02
1.917615091733468613e-01 -2.600054016334143459e-01 1.514528240426567945e-02
-2.085788063102638618e-02 -4.454140759790210513e-01 -7.472627281243746089e-02
1.575012701595032427e-01 -8.529393526275325099e-01 -2.717246341058465742e-02
-1.970967322314863893e-02 -2.848912023652602765e-01 -4.251728222349857034e-03
6.199591747071677567e-02 -2.965339780054221941e-01 3.226019718003396430e-02
-3.502434819063125065e-03 -2.121548767314457851e-01 5.417416644268042980e-03
1.591143565058026343e-01 -2.378777311903645664e-01 4.321589520488888087e-02
-3.014298784812179804e-02 -3.308136872674415918e-01 -1.354993827515589555e-02
-1.010807083747170682e-02 -4.422899761018703191e-01 -9.186100946959671609e-02
1.735331425737407507e-01 -4.584341584723117258e-01 -3.757794064672810574e-03
-9.412523482291296206e-02 -7.481491870295552404e-01 -1.373423076815769306e-01
5.930328718650922093e-03 -2.154003713267335640e-01 2.934375289815441962e-03
7.486748743817170371e-02 -2.487934004474783578e-01 5.060892393414007095e-02
1.601229672546967964e-01 -4.249116068486197273e-01 7.906317925795738194e-03
-8.370371679126997755e-02 -8.463589971203107076e-01 -1.254208963209612337e-01
1.936319840937228975e-01 -3.458593817620752575e-01 -2.365587000235295362e-02
1.605006558325895727e-01 -8.919706641793181401e-01 3.664290754416217599e-03
-1.026644027144441376e-02 -2.792518573620122457e-01 -1.168349563649265926e-02
-8.506974329600472395e-02 -7.999388384378574024e-01 -1.133158266583871310e-01
-7.164830430169380482e-02 -2.477447755740690150e-01 2.310032179699775604e-02
5.002970223349770956e-02 -2.972057151341081505e-01 2.450742917821440922e-02
1.329360484515148405e-03 -2.971367032043147893e-01 -3.017191010047910044e-02
2.007922838742801364e-01 -2.085437586259703824e-01 1.402283397258008435e-03
1.647150411677731074e-01 -2.779477493434794888e-01 3.393413373561531693e-02
-7.175210448663665863e-02 -3.456306957630544408e-01 -4.295839497806132334e-03
1.170729414076989439e-01 -5.848831283569293493e-01 -3.311791095545032343e-02
1.649049019186416276e-01 -6.250583916056688949e-01 -3.947805051875482446e-02
-6.060099793985452427e-02 -3.462302206078236577e-01 -6.809896669668538682e-03
-4.464027398604070163e-02 -8.018044852519583543e-01 -1.522101085395362596e-01
5.747012852897934870e-02 -2.135282442464102592e-01 5.602792719971276536e-02
1.044277967366757653e-01 -7.265141246759340143e-01 -7.055354930580842732e-02
-1.069971413522798620e-01 -4.264312874593779168e-01 -4.298603640426357925e-02
1.310502549433553154e-01 -8.601751231218863758e-01 8.109564009091407843e-04
-8.894822363070417626e-02 -6.226157059547592354e-01 -1.116010529934744477e-01
1.801007829022748807e-01 -2.597275562395406356e-01 2.821286809501153542e-02
-1.154497875401868656e-01 -6.420296303996285703e-01 -1.346531191285348650e-01
-1.287231615374458960e-01 -8.528559571223395253e-01 -6.224256068268235048e-02
3.259396372273980214e-03 -2.641538045175718108e-01 -2.246701011059130948e-02
7.921441723968223464e-03 -2.254107827722407198e-01 -3.348837171082676145e-03
1.006107489760080798e-01 -7.447792040234019195e-01 -7.089202898872395964e-02
1.652996226015245873e-01 -2.598834226563592753e-01 3.680493821916079600e-02
2.008025512366795329e-01 -2.262884089620054995e-01 -1.155370227536173938e-02
1.290654732399897087e-01 -3.351194983950612216e-01 3.267866688742998571e-02
9.544485788250506308e-02 -8.444945036602750088e-01 -1.503698767765340033e-02
1.843645249857232826e-01 -3.018124385570195578e-01 -3.588495873334036218e-02
1.806748157454540205e-01 -2.256119272335034009e-01 3.212127781009876948e-02
-4.693851753457661813e-02 -3.749637936402828720e-01 -2.723554932143719409e-02
2.280080395902142620e-02 -2.152275172972215045e-01 3.981406866980215231e-02
-1.043839075812079964e-01 -6.370999596911413043e-01 -1.208155042474334251e-01
3.012995063422948400e-03 -2.796346895667558563e-01 -2.662233194910959555e-02
-3.303775190845315013e-02 -7.824180042349005992e-01 -1.776974918070353959e-01
6.988885800213906485e-02 -2.245449970426986186e-01 5.558941266124710345e-02
1.455248182822606595e-01 -3.276410570858077631e-01 3.046627134146228516e-02
-1.154437058668919269e-01 -2.827024311549825031e-01 5.380952304146542631e-03
1.877811388752179955e-01 -2.536272195531158458e-01 2.228920893848946802e-02
1.663969580291920769e-01 -6.029723024321982372e-01 -3.374857878628675228e-02
-2.249885388025236327e-02 -4.054808645633783959e-01 -5.364907758520483932e-02
-9.984870883941271424e-02 -6.177904907829958603e-01 -1.111025989719322815e-01
-1.345097244806656156e-01 -3.171918217845337007e-01 -2.052550634920978501e-02
1.910598726372048084e-01 -5.354976634605769226e-01 -2.948648603937672336e-02
1.747115561166253106e-01 -3.495721915038479954e-01 1.108690609089697451e-02
6.025649733850774875e-02 -5.458945608281795536e-01 -4.478407172293948774e-02
-1.292778505147237078e-01 -2.990799699898138986e-01 -7.208069837737134111e-03
-7.242978285669091076e-02 -4.449534942083723799e-01 -4.957413213705889193e-02
-1.011282880998842504e-01 -7.000670086355531563e-01 -1.428373331705965754e-01
-3.014123940651211586e-02 -3.517928416176929751e-01 -2.346700178451428115e-02
1.040984524618690510e-01 -8.931367326991561661e-01 2.823620214058673167e-02
1.112882495138249883e-01 -7.468087452696221540e-01 -6.163932398121600015e-02
-4.877563770781544877e-02 -6.333071137517174432e-01 -1.245494329443852244e-01
-1.411280370811364981e-01 -2.289793697746562162e-01 1.165885328187027045e-02
1.471777252962063742e-01 -5.523441548744099094e-01 -1.932182682429373077e-02
-3.846047013731142966e-02 -2.800724701753274370e-01 7.523134606824889714e-03
1.744582181502562224e-01 -8.650665382390965163e-01 -4.135176469380658776e-02
-1.169262250314847540e-01 -2.207017375466324705e-01 2.479483107900772032e-02
-2.861778659963496591e-02 -4.786016555777878323e-01 -7.930926001058413721e-02
-3.734804783147388507e-02 -7.294925073968284712e-01 -1.774421505364726370e-01
9.230685001898611408e-02 -2.973120393443032805e-01 4.168821225803227143e-02
7.729988375108440279e-02 -2.616085582825872224e-01 4.765910497835755544e-02
1.992880313399423564e-01 -2.133732398384149409e-01 -2.129826751772122273e-02
1.455706620697740650e-01 -3.503803771939033584e-01 2.531705638987239229e-02
-1.285911958081050743e-01 -5.879939936382736487e-01 -1.177185789712091035e-01
-8.216569707832804825e-02 -2.230133900646494582e-01 2.970017233033748691e-02
-6.039379426199061388e-03 -4.226825203891017568e-01 -1.057858631582592468e-01
-6.116370434762188890e-02 -6.771553702731835100e-01 -1.336894001652106645e-01
-6.777685808472951046e-02 -2.278785957622694591e-01 2.807496953798973433e-02
-3.521952562961998268e-02 -2.278713226174960693e-01 2.024950272672549484e-02
-8.400167383913696023e-03 -4.783854308080329187e-01 -1.232961597259740472e-01
1.736056473611028994e-01 -8.637302867173023424e-01 -1.152862362761767623e-01
1.817442498978664306e-02 -2.774698880239849230e-01 -2.274945502386213625e-02
-1.483438067315140663e-01 -2.671755474516211426e-01 -1.148535656053274040e-02
-3.293216603784696050e-02 -7.434899882234128343e-01 -1.883725633259329957e-01
8.252684045542907354e-02 -2.266421893232125340e-01 5.699703801922913204e-02
3.473780536130505886e-02 -2.612498669202026336e-01 3.127474521445942901e-02
4.430311139181061786e-02 -2.604816692257062027e-01 3.791523484672574412e-02
1.756257767034622164e-01 -8.523436716577443839e-01 -7.108237531894023853e-02
-9.993961728433431446e-02 -8.050639087479488643e-01 -1.012125162615674367e-01
8.545074809178973552e-02 -2.593832105764724005e-01 4.998002666307331532e-02
-9.631642773554049963e-02 -4.652672759133781866e-01 -5.696055387555327282e-02
-6.225171526190195065e-02 -5.150704994363148881e-01 -7.604072674436762602e-02
-9.598786874877664882e-03 -2.088750295477299068e-01 1.177800172280780988e-02
-1.898403566732509776e-03 -2.325358485781413576e-01 -6.430112316574081166e-03
-1.173276732731546590e-01 -2.116768334277566443e-01 2.707526826634960859e-02
-5.721144962668103101e-02 -7.624765940919162599e-01 -1.421586199483998170e-01
-1.103039007243195868e-01 -4.132477531786594160e-01 -3.692287272481504373e-02
1.164729080012103235e-01 -2.607974399275573840e-01 5.105263679479745548e-02
-4.495661584820249967e-02 -5.971511866134567859e-01 -1.112397824288709758e-01
1.640398591284201735e-01 -8.363192494821736211e-01 -5.438633639525743829e-02
1.228444042494977462e-01 -2.543101842838756954e-01 5.159195003429516146e-02
1.337992925475663397e-01 -2.541952064060173933e-01 4.896986607979533085e-02
-1.025807971018310831e-02 -3.175428828145327453e-01 -2.348678276607406301e-02
5.136029462105461824e-02 -5.346174798968162944e-01 -4.871214547981939785e-02
-1.257143849537838698e-01 -2.787561199367326603e-01 2.120479090344455642e-03
1.856551284428312187e-01 -4.221904563383551134e-01 -6.296605430775571721e-03
-1.304457867984447905e-01 -2.484308422806027206e-01 1.119405273995085007e-02
-2.286608262019512727e-03 -3.143014115571913236e-01 -3.134503956245515005e-02
1.150708947628437673e-01 -3.134044848484597856e-01 4.009250356979000840e-02
1.982537876562470158e-01 -2.595335063258569774e-01 -1.036805307062853981e-02
1.978934451835524522e-01 -5.478936114188865947e-01 -3.945953442066430644e-02
4.203971806579075154e-02 -2.451230283088736417e-01 4.189379242828687733e-02
4.529171636312816912e-02 -2.109800384791991890e-01 5.345025483176497200e-02
1.688756776883659216e-01 -5.588048388362656382e-01 -2.373301252471742701e-02
9.957829036690973856e-02 -6.068804674864899384e-01 -5.185648648501173935e-02
-4.251346767003008620e-02 -6.954387020865433477e-01 -1.560180561329539417e-01
2.027757781073276089e-01 -2.083211293239033146e-01 -1.100426142954533115e-02
4.456548114384498160e-02 -3.032817071113536045e-01 1.697805427144991747e-02
8.850504059826649894e-02 -8.918007589329584039e-01 2.677740755357016500e-02
-9.513211502592841540e-02 -2.666212152980919070e-01 1.615114048571125380e-02
-9.456216305051164811e-03 -5.145128411089309184e-01 -1.230633960100682156e-01
1.634876558076038544e-01 -8.690940836623048948e-01 -1.497992416676169336e-02
9.620991318287730465e-02 -4.281433933269566672e-01 -4.937322330728910469e-03
-2.099828765131725450e-02 -5.501782760829138086e-01 -1.107569639595059607e-01
-6.025713432141194953e-02 -7.467909070353909717e-01 -1.413346973325057820e-01
-1.364196059317051568e-01 -2.690586980088650049e-01 -1.712075414757527336e-04
-1.044475646956917816e-02 -5.310754445882593933e-01 -1.368786143761027141e-01
2.103167445852841821e-01 -5.496717982513676937e-01 -6.492937745693502793e-02
2.052441056915220996e-01 -6.021594061435905365e-01 -7.989059025419600890e-02
1.559580985756033045e-02 -2.674651034986039178e-01 -1.814413051596736742e-02
3.836712247630519323e-02 -2.286081825604950879e-01 4.522179066647719764e-02
1.589465250417804731e-01 -6.883235344965011882e-01 -5.222257771498723528e-02
9.200963917751311949e-02 -4.044456472873175223e-01 8.194184810038047245e-03
-1.027461942401035888e-01 -7.955385057650367076e-01 -1.085927187187451515e-01
1.129186712024157491e-01 -4.606735419342438687e-01 -8.560963096452427201e-03
1.093629164823532174e-01 -6.574554287107633455e-01 -5.731787604124725238e-02
3.379515906485531379e-02 -2.492218634913329067e-01 3.503458619000475449e-02
-9.136168650268675084e-02 -2.986844996403447139e-01 7.828761486745914461e-03
1.123583989822522777e-01 -3.852395718986925677e-01 2.575157730432523634e-02
1.462855358737821521e-01 -6.573567618647028210e-01 -4.392632962948713610e-02
-9.472177831864778130e-02 -2.084309106462017003e-01 3.249618197383082052e-02
-1.345816359270284590e-01 -8.147919941500537666e-01 -8.774105642488227996e-02
-1.061858472878084436e-01 -5.402768467091507709e-01 -8.259525796486261173e-02
-1.427834195205681111e-01 -2.731373062939832508e-01 -7.307802326614883104e-03
1.041163408099350651e-01 -8.484171892970473472e-01 -7.491863734379378137e-03
-1.044599520632451539e-01 -6.860567181208870879e-01 -1.401128798219040683e-01
-1.096489405334144795e-01 -4.601396128594865687e-01 -5.865975981407713785e-02
-1.049133144605886303e-01 -2.793353631251549452e-01 9.983910225756609941e-03
1.613695484806791647e-01 -3.125381699192946727e-01 2.836056869209871087e-02
2.049235091243734319e-01 -5.649452911363054275e-01 -5.544014163903444176e-02
-5.120455994840391462e-02 -2.280392372673105683e-01 2.545995984290299469e-02
1.785710116296252148e-01 -3.680911849085628518e-01 5.333963674667860366e-03
1.482656405006281819e-01 -2.961783386725779232e-01 3.661760838263251883e-02
1.971765898207076817e-01 -2.434947582944506084e-01 4.577004853384292887e-03
-8.726438389681484553e-02 -2.464750196326585541e-01 2.300087060205559253e-02
1.070203813918872982e-01 -7.641092881419995209e-01 -6.141240324259943789e-02
1.448082321345198209e-01 -8.881233033800636223e-01 1.845474192344475489e-02
8.229418748919714588e-02 -3.135897527359873260e-01 3.547743042214490661e-02
-9.345644876995107264e-02 -4.961361443175721919e-01 -6.667256322429529480e-02
6.628679870290257736e-02 -5.157349662464311146e-01 -3.686195981654811354e-02
-7.135019536921204109e-02 -2.800831720040640738e-01 1.439928159459399545e-02
1.278449857520669586e-01 -7.282770355423214825e-01 -5.467163263713682025e-02
-8.782880344128490835e-02 -3.768983201492949187e-01 -1.554440297255964970e-02
1.978296117774894780e-01 -2.314490921693954650e-01 7.242871331292130566e-03
1.230236589593259877e-01 -5.612911933785175167e-01 -2.483239374502404367e-02
4.570578569654450141e-02 -2.731742045717519551e-01 3.353935254704406427e-02
1.870596210262470416e-01 -3.017838472940839178e-01 -3.949026542766110454e-02
5.741970245550333946e-02 -2.799163559278430857e-01 3.619908206484609425e-02
1.158997802159157098e-01 -2.784602473269212619e-01 4.711092882986888525e-02
-3.867912515663760042e-02 -5.863008689210362778e-01 -1.102563869356995296e-01
-5.789807820994826576e-02 -6.462431804921395795e-01 -1.254615228887973055e-01
5.320233230146819564e-02 -3.332876156459485539e-01 9.502365867357271539e-03
-1.315425978415088459e-01 -4.816858746079220599e-01 -7.789652193014598436e-02
-1.021195554305280029e-01 -4.067418031696270475e-01 -3.120680610037058350e-02
1.326519712593424716e-01 -2.782845253262806184e-01 4.409147284906271558e-02
-3.079501340705924697e-02 -8.257352244608116010e-01 -1.764356943199709982e-01
1.489193088924825603e-01 -2.781137375144664414e-01 3.968569732963123098e-02
1.535460461666415810e-01 -5.308757912793559131e-01 -1.478170815839216501e-02
-4.993589276537547389e-02 -3.885380809631535648e-01 -3.245808802166356283e-02
1.319470248567528592e-01 -3.275924808239719654e-01 3.395436378698016983e-02
1.144783784397169768e-01 -4.775732955207903085e-01 -1.149240863498020293e-02
1.259322279375476583e-01 -6.580325743782327041e-01 -4.730964338738625347e-02
1.003505951426301723e-01 -4.110469188775223159e-01 1.084934336119820417e-02
9.919694158484335111e-02 -2.605770898122688473e-01 5.147401485148554723e-02
1.973356300332396451e-01 -2.725853316077847532e-01 -1.103223769169924678e-02
5.042137569745943487e-03 -3.324473657670461435e-01 -5.636849610824259255e-02
1.348931444565183158e-01 -2.260935524362346072e-01 5.396248508838726726e-02
-1.071883947552562666e-02 -5.386019862414185289e-01 -1.452278173742536094e-01
1.471316669546591238e-01 -6.392898652366575396e-01 -4.030854310434690141e-02
9.579730525728566426e-02 -5.657704586761338472e-01 -3.813460471421546011e-02
1.193542520090593584e-01 -8.223939918672626970e-01 -3.258371876143934670e-02
-1.269084254784975940e-01 -3.853295066497615107e-01 -4.856645591983235061e-02
-5.818104469170158610e-02 -6.964644140288969165e-01 -1.394595977627167693e-01
9.533303787966443399e-02 -3.153147024074495208e-01 3.876599630907850286e-02
7.884518546332580646e-02 -2.788478219895094146e-01 4.301199678072519655e-02
1.497901330761290950e-01 -4.795502083815496031e-01 -4.006010408006521750e-03
-1.406053804863822976e-01 -2.871593372428571933e-01 -1.332702965813189339e-02
1.981095392813947142e-01 -2.444863979776222551e-01 -1.260462195142145886e-02
1.513012517233510990e-01 -2.098697692597226161e-01 5.102649119673081934e-02
1.083158142920920830e-01 -2.384109945839514300e-01 5.637895075948183565e-02
-1.386339728244094238e-01 -2.991769322397892505e-01 -1.697435207968994719e-02
-4.418974580478409256e-03 -2.857326512103213201e-01 -1.999217831939305995e-02
-8.020647779244510778e-02 -2.885358744116922058e-01 1.209769542268793185e-02
1.192048792072368801e-01 -7.258590688138134572e-01 -5.798878915850507604e-02
1.159021625456913562e-01 -7.657366765829870525e-01 -5.553694998517545028e-02
-3.981390344168101586e-02 -4.430057079779506357e-01 -5.917567808839133831e-02
-1.853947923925885755e-01 -8.538516429246016948e-01 -5.231384543893217304e-02
-1.178744866333591435e-01 -4.203484435291574006e-01 -4.488274669966913627e-02
-6.687800001723183396e-02 -7.988296490213497858e-01 -1.284716898047627842e-01
1.150025712789311261e-01 -2.965273269959812219e-01 4.334728588928979387e-02
-1.113783223845864201e-01 -5.147250331330128770e-01 -7.580767563284315780e-02
-5.380116268953846065e-02 -4.023367967302482473e-01 -3.633881529879192523e-02
-5.365234498627469845e-02 -4.246921988459715358e-01 -4.547474780949650047e-02
-7.541314648802398268e-02 -3.008586100520375117e-01 8.951784776213493611e-03
-2.426519628243205967e-02 -2.983818885837771218e-01 -5.158648826721776159e-03
9.571751065889197441e-02 -2.283281989384096933e-01 5.807057362699045988e-02
-6.927166881357106620e-02 -2.949419740770556908e-01 1.039725464887914300e-02
1.267861686064373217e-01 -7.458445498727298562e-01 -5.462499765475273966e-02
-1.137289947688198410e-01 -2.347128913215274504e-01 2.168934563248375164e-02
1.950234296706358228e-01 -2.770539112060275144e-01 2.655315110901872860e-03
-5.545462534003800514e-02 -2.979071700724478244e-01 7.546627847358624436e-03
7.233778266421642122e-02 -5.498991764697157558e-01 -4.313349928493467184e-02
-1.092173045382564545e-01 -3.711020218334842857e-01 -1.971416322178709546e-02
-8.188440366973720463e-02 -3.888736910201687214e-01 -2.197414406934756342e-02
4.835027324643435126e-02 -3.202966057699011548e-01 1.252479463493584230e-02
1.334290158359648926e-01 -2.622246412760179113e-01 4.737848894667406191e-02
-1.187216432735603844e-01 -6.139745337795357027e-01 -1.195239151366734032e-01
1.469573900550179557e-01 -6.220599039503943439e-01 -3.633540048399658967e-02
1.609524124060800754e-01 -8.478189915418753442e-01 -3.732512091846127561e-02
-2.430832303409062936e-02 -2.786695330679029303e-01 6.917942277082159142e-04
1.824405969716457465e-01 -4.733892365071725727e-01 -1.040393733365674311e-02
-3.507663097798983942e-02 -4.311849435754418480e-01 -5.691900053094511164e-02
1.589888753334450788e-02 -2.939452309808304742e-01 -3.486385169159610803e-02
7.155953675910442513e-02 -2.981853189841444651e-01 3.561757467046958864e-02
8.000105976256013940e-02 -2.963460862146796715e-01 3.846895632518751440e-02
1.196464721201932202e-01 -4.420213629196792504e-01 1.281745308967782715e-03
1.124092481444788627e-01 -3.507283309718474684e-01 3.233706233996446605e-02
4.138721100719350982e-02 -2.912761953120715508e-01 2.000425204792797423e-02
1.339444076156821872e-01 -8.223044622044544116e-01 -3.684994200808621584e-02
2.106613597902710078e-01 -5.483291187581588177e-01 -7.892622349334837972e-02
-1.163002549353179260e-01 -3.699716420559610031e-01 -2.629710814037772293e-02
6.315877559687749221e-02 -5.558965412956275998e-01 -4.846503322875102965e-02
1.640322934123008558e-01 -2.960126464421337644e-01 3.078299386383370057e-02
-7.581083954636484712e-02 -6.596740402390179892e-01 -1.243754873334221300e-01
-4.265918468457517709e-02 -7.295500486649394434e-01 -1.587031970695721717e-01
-2.173063564972226372e-02 -3.827239649328997850e-01 -4.337554751461768915e-02
-1.333556623656322326e-01 -3.312239982624212709e-01 -2.946855589110249779e-02
1.806395193470904381e-01 -2.966402194173378692e-01 1.938390063134173488e-02
1.240989739859616747e-01 -8.899465452121997355e-01 2.871617069122118018e-02
1.441833897944257148e-01 -4.045691071960172969e-01 1.775132497249277963e-02
6.278469875182479676e-02 -3.552578675196446101e-01 5.259057617526381734e-03
1.451194303215227188e-01 -3.684432549333528928e-01 2.282710592062640875e-02
-1.211684240855987194e-01 -3.187731914532103694e-01 -8.373664464167131227e-03
-6.698065768443960122e-02 -2.121534629680494610e-01 3.233634464768847527e-02
1.169260352148497328e-01 -8.643367804730867077e-01 1.106900059131159589e-02
1.311788543442471977e-01 -8.008660551352795309e-01 -4.699830379506585859e-02
5.739806089336781103e-03 -3.016763127355396867e-01 -3.725650484469670426e-02
1.047722927400372706e-01 -3.086733692501800186e-01 4.158720051006003365e-02
-6.532258064703261313e-02 -5.619189053466356887e-01 -9.169313253109281914e-02
-6.329073520615803583e-02 -3.702200480967556828e-01 -1.737756701854761832e-02
1.017231609591966457e-01 -2.103900306605407111e-01 6.202562919218385790e-02
1.333071197078375680e-01 -5.325207232651250067e-01 -1.616403818224050604e-02
7.609750521948696611e-02 -5.613789056862874549e-01 -4.805603094935876479e-02
1.286957562436422953e-01 -4.375025898820691928e-01 7.132740258375454973e-03
-7.421990313920664994e-02 -3.165631595346374838e-01 4.720611951540554241e-03
-1.582029753142509890e-02 -3.124382073302084395e-01 -1.617252679510523816e-02
-4.560262695230675803e-03 -4.041095331385937683e-01 -8.478593266268694140e-02
-7.696335875796317394e-02 -6.777437488156952128e-01 -1.288683007577214601e-01
7.354795433368715996e-02 -3.155919803900829046e-01 3.190170057927063652e-02
1.854694023249268409e-01 -4.402507238768575970e-01 -8.028275534664210122e-03
-2.142737246963857811e-02 -2.457840562242062377e-01 7.573324212209062156e-03
8.293252192973807335e-02 -2.109514637973528561e-01 6.074054389686483341e-02
-6.555476437249908861e-02 -5.512204407338704426e-01 -8.787670555693616325e-02
1.571776745406667786e-01 -4.586058430713949030e-01 3.951591564055820238e-04
-3.278296131279821723e-02 -3.953801494463599076e-01 -4.327867228863938737e-02
2.034516635869750290e-01 -4.572262218581615856e-01 -3.191155618822395096e-02
2.063109245582482598e-01 -4.600936936613795325e-01 -4.026543954780465590e-02
-1.021284428247663523e-01 -7.743180166795010644e-01 -1.280241327154304776e-01
-1.175832342264844788e-01 -4.664924959278377581e-01 -6.407526327709411884e-02
-1.293547331072337769e-01 -4.696244222550949865e-01 -7.246135824097846290e-02
-1.249989610850069377e-01 -4.776052701230392716e-01 -7.186057816150534516e-02
-1.164755827017103507e-01 -4.803253160371640518e-01 -6.804970144518721065e-02
-9.358159232825410956e-02 -4.792837324065157278e-01 -6.138753450349260926e-02
-8.360868212849234538e-02 -8.202756391348595688e-01 -1.064598512586515389e-01
-1.369034883664228472e-02 -2.587438179804850691e-01 -2.279887264357946530e-03
5.454161629938878569e-02 -5.645134718976705379e-01 -5.527597721637306921e-02
1.902526648572421819e-01 -6.629116132365125980e-01 -8.830585157377951466e-02
-5.879235623369873098e-02 -4.749065627172817106e-01 -6.349142215678901802e-02
-4.281946736484799204e-02 -7.114932718401112410e-01 -1.579597291776356494e-01
-4.296937956167574263e-02 -4.796126362342751914e-01 -7.110508321734129722e-02
1.952783811911357192e-01 -6.588456433421840952e-01 -8.498789894850602988e-02
1.019133729398576105e-01 -8.604809558811743475e-01 8.021631036172136020e-03
1.483950701221112278e-01 -7.964491431728512039e-01 -5.657508772798589686e-02
-1.939652357878074093e-02 -4.764979805763148724e-01 -8.675028602907108866e-02
-5.184284130138264862e-02 -8.315755686985609740e-01 -1.555398673899882900e-01
-1.462565479909126546e-02 -4.789166285932386913e-01 -9.415512293461977822e-02
-9.036203768174386544e-03 -4.783936486737196958e-01 -1.081588866537697702e-01
1.654539508720693219e-01 -6.170269536742947203e-01 -3.737608603104126265e-02
1.866280404785297109e-01 -5.124701764545681604e-01 -2.082774923940135942e-02
-1.002947601850058268e-01 -6.611339114666636707e-01 -1.288231169353919736e-01
7.899862443941876866e-02 -4.786837172051601197e-01 -2.975047814007799468e-02
1.614713659855335215e-01 -4.866505096459616819e-01 -6.165792358318447630e-03
-1.166207717944540145e-01 -7.905230222865998746e-01 -1.139665478845896529e-01
8.637091880864733451e-02 -4.774034954630791971e-01 -2.217867962740398963e-02
1.694212012266725076e-01 -2.271637013296981256e-01 3.944627646825025341e-02
-7.535301698735197284e-02 -7.493860904274090018e-01 -1.354950298631808769e-01
1.253908817909239748e-01 -4.761365622129284936e-01 -7.564774731641139838e-03
1.582834845092050136e-01 -4.757161337286355818e-01 -3.614210106094688235e-03
1.281995667537165762e-01 -7.097132578998660568e-01 -5.383716324460984665e-02
1.400378742138090049e-01 -9.062278558692048458e-01 -1.615299610516321427e-02
1.728623995689135273e-01 -4.764994232577016153e-01 -6.874680845519919037e-03
8.909546339596977060e-02 -5.195097060585232018e-01 -2.850268782810937152e-02
-3.882565305181092524e-02 -6.492519198799565627e-01 -1.424157981731100364e-01
-1.204838833251625774e-01 -2.568540097630042096e-01 1.223170345391658143e-02
1.893512784193856768e-01 -4.770782647028067314e-01 -1.564291385467405510e-02
1.846880994020591027e-01 -5.295933062445811190e-01 -2.373809715349781829e-02
2.051491817346775270e-01 -4.761586254512326088e-01 -3.334862997672943113e-02
1.547843829069820432e-01 -4.954447878581086928e-01 -7.414630899228273619e-03
2.077853521842961126e-01 -4.773341991561423359e-01 -3.946279256539763497e-02
2.109689237183336452e-01 -4.760959079059199905e-01 -5.063699683426692993e-02
2.123031279942086125e-01 -4.700621766520195477e-01 -5.772954785424307816e-02
-3.634731171335714439e-02 -5.498331759678257713e-01 -9.742269889321200638e-02
1.378413814353259548e-01 -5.952454812048207922e-01 -2.999484162280940253e-02
1.374924602826152475e-01 -8.312108605776041825e-01 -3.199405248810962415e-02
-7.681123294947786451e-02 -4.819169402943003222e-01 -6.228274202468119664e-02
-5.951264998375530718e-02 -4.829392229309079076e-01 -6.608242870650704592e-02
-4.957956951940408613e-02 -7.115649779504026329e-01 -1.490066905434474231e-01
-1.284580095264127031e-01 -4.963673343539738436e-01 -8.110108342397676084e-02
1.026206492147447025e-01 -7.807087351267474329e-01 -5.953646722342793157e-02
-2.830243032371444409e-02 -4.177374832702145935e-01 -5.552054150494185186e-02
-1.135642293728255925e-01 -4.968418802581747173e-01 -7.174032664485133215e-02
-9.308205482117251628e-02 -7.120216627660751474e-01 -1.376118088547617080e-01
-7.743560517890235584e-02 -4.971722202168118998e-01 -6.734098175690603205e-02
1.574357134992135920e-01 -7.816390672693157571e-01 -6.556941243434377675e-02
1.982156537179603495e-01 -4.942901370674148143e-01 -2.609283702759611356e-02
-6.071010344561114658e-02 -4.969967698337058870e-01 -7.043665725837822134e-02
-4.480827156768689423e-02 -4.968297017699041529e-01 -7.588634274447811356e-02
1.633505528958347497e-01 -7.695377700160035417e-01 -7.048081477087642099e-02
1.144162756158440333e-02 -3.001829020873285625e-01 -4.025536802516476581e-02
1.446387423141212158e-01 -7.817739554191998064e-01 -5.690464432538273193e-02
-1.689152521744615582e-02 -4.958664756354098646e-01 -9.595621823141473050e-02
1.264175649367368093e-01 -5.753008504531796907e-01 -2.737911567906059496e-02
-9.806820879449708317e-03 -4.977953470077666753e-01 -1.286037608871266891e-01
-8.960733338139823673e-03 -4.958751182733800444e-01 -1.341355323430102331e-01
-6.571816992883439124e-02 -7.508614091396681456e-01 -1.383608487059515835e-01
7.793117171009825150e-02 -4.970927912226408840e-01 -2.932705493502173882e-02
8.588016236227991040e-02 -4.934599454852129363e-01 -2.464801962098123883e-02
9.675364397961697116e-02 -4.957754967287311687e-01 -2.112101052167442150e-02
-2.898787975259111208e-02 -6.230646650947133658e-01 -1.464915654550747737e-01
1.162381341369760068e-01 -4.956969851543552297e-01 -1.415496266677310905e-02
1.371885330521985802e-01 -4.949309868113346278e-01 -8.232142728863800496e-03
9.207051693568532591e-02 -5.500384316183316580e-01 -3.508215959910968712e-02
1.341995045524763119e-01 -2.441589430865952481e-01 5.078021168486716169e-02
-2.044840618021430412e-02 -5.868585242211462605e-01 -1.479595456653363950e-01
-1.122103035380306035e-01 -6.077056118056545220e-01 -1.118177445699157502e-01
1.550094391479887868e-01 -6.164675797646657074e-01 -3.513635724696689139e-02
2.037643616145944636e-01 -4.942313411759686748e-01 -3.285219384643158630e-02
7.816924497084037915e-02 -5.136047901875098187e-01 -3.104990458069317033e-02
1.238651318219887443e-01 -8.401831918013639156e-01 -1.837510221906923230e-02
-2.191021889506888920e-02 -5.880792687500578930e-01 -1.329973703243296501e-01
1.800369111045230786e-01 -6.012683314333674423e-01 -3.927468668706050187e-02
1.328956333682890234e-01 -9.063034509282145157e-01 -8.292076644016842246e-03
-2.477394490190756166e-02 -4.999628753859836072e-01 -8.859437240658740720e-02
1.703378222610693049e-01 -3.842293378442270257e-01 9.008500217581590780e-03
-1.219656727896397952e-01 -5.526702089400690188e-01 -9.564323894682758009e-02
1.039199687782341175e-01 -4.760166801502460077e-01 -1.493088243054043612e-02
2.082177640572672461e-01 -4.961867870852011420e-01 -7.678369482459793116e-02
1.772360259316324849e-01 -7.352797361668266252e-01 -9.637583074288944007e-02
1.282805077536392779e-01 -5.868182015306464550e-01 -2.989003453826701712e-02
1.830030289412596378e-01 -6.910762974628602562e-01 -9.957393594390220870e-02
-2.339549995003200461e-02 -4.252855660499944013e-01 -6.342037665004893188e-02
-1.227765251393886925e-01 -5.016588868271574242e-01 -7.841742334053428132e-02
1.804617907896783058e-01 -3.520194153634545464e-01 6.150572663257226902e-03
-3.267692198574347756e-02 -6.451731742176919360e-01 -1.584956534432313546e-01
-1.306958386503269398e-01 -5.157856685726253110e-01 -9.066679712484196352e-02
-9.752238829172069079e-02 -5.161088930550404852e-01 -7.320545005992060150e-02
-9.013803369670372878e-02 -5.093440031711653493e-01 -7.051028712655890707e-02
-7.793745029161353033e-02 -5.135631271892829863e-01 -7.269011931392918568e-02
1.751180507806162634e-01 -7.252691004258949858e-01 -1.017574503687028176e-01
-4.663415694228892350e-02 -5.140466043209538372e-01 -8.063045284155556658e-02
1.800229599833322036e-01 -7.051537309580848678e-01 -9.206556404770380175e-02
-3.616339164441190190e-02 -5.101150071876097147e-01 -8.411110506449850921e-02
-1.908484093149469957e-02 -5.140689998754407464e-01 -9.863463796926180693e-02
-1.417203156082002743e-02 -5.157677424247696374e-01 -1.060921478347872648e-01
-1.144537391712495931e-02 -5.145348296828000656e-01 -1.117906493693892889e-01
-8.200163217675104921e-02 -7.131828678469166460e-01 -1.343080809156578237e-01
-4.609337495970333015e-02 -7.834446308230693656e-01 -1.506757777304187917e-01
-6.907925074898414383e-03 -5.144851619364920747e-01 -1.327421517139379670e-01
1.183066917735800805e-01 -5.128319668261588360e-01 -1.646052826024539673e-02
9.330887485249950153e-02 -5.856775497424520083e-01 -4.913289116620494362e-02
1.378256176462267779e-01 -5.125191631419537819e-01 -1.149548265140996200e-02
2.102002222820823774e-01 -5.122203939316576360e-01 -4.958299478946898847e-02
1.380077422650238805e-01 -4.768646090965226181e-01 -4.691261594303372529e-03
2.101510145517613559e-01 -5.061995476975800212e-01 -7.192966677658652053e-02
1.075287133993529654e-01 -5.153047773244966434e-01 -2.080327122427916980e-02
6.152408898608487803e-02 -5.197972798056417210e-01 -3.942869800080785886e-02
-1.360682372390308592e-01 -5.298862856644394048e-01 -1.012919779392454644e-01
-1.261593226316746474e-01 -5.355163078775062591e-01 -9.355793104227028145e-02
-3.947344976890188040e-02 -7.295158825290917193e-01 -1.665585135280891471e-01
-3.068844864703850622e-02 -7.876095752974924258e-01 -1.849008189967317750e-01
1.746066859274373606e-01 -4.223069680764250378e-01 1.710692123329582426e-03
-1.104597393728164456e-01 -5.256077526749827200e-01 -7.875271739676614757e-02
-1.285618788717864114e-01 -8.175385357440139167e-01 -8.090828293687490902e-02
-9.750589797799763536e-02 -5.325858998817866174e-01 -7.870729700459958011e-02
4.971017211284366188e-03 -3.357903876971019552e-01 -7.563163366203878857e-02
1.788470402550671190e-01 -6.386223346932712319e-01 -5.049469646416075014e-02
-8.074062297260323207e-02 -5.333223652467800058e-01 -7.918259536562158307e-02
-6.387729345413542537e-02 -5.331455121909718375e-01 -8.188463346944949151e-02
2.014825969078855306e-01 -4.300471787912059085e-01 -4.075063575228291685e-02
-4.769666711426165384e-02 -5.329756068372810685e-01 -8.653807945754957154e-02
-3.249501660598715091e-02 -5.328156646352933956e-01 -9.398632909349824427e-02
-9.177405121446127745e-02 -3.679103842338405372e-01 -1.208325806079470210e-02
1.283953637384551705e-01 -3.866766702677210121e-01 2.472725127898373759e-02
1.305089909717933871e-01 -6.208324768506358060e-01 -3.810138660001303329e-02
1.999487724441037506e-01 -4.762138768603390027e-01 -2.559306316810847776e-02
-3.364587335363341397e-02 -6.411716346424387591e-01 -1.485632749596851876e-01
-9.314161864166475846e-02 -5.468280180809191870e-01 -8.346370176757905712e-02
-2.192317798349661950e-02 -5.276880152329376239e-01 -1.001955160361729658e-01
-1.889287608059120327e-02 -2.116483684334954096e-01 1.708084262530694397e-02
-1.249693365720500916e-02 -5.285908918258981348e-01 -1.157282041359357361e-01
-1.340111173484369589e-01 -2.819635634693901660e-01 -4.199365895795371950e-03
5.969059124101738084e-02 -5.335755544245832649e-01 -4.235114899117745774e-02
1.858397484801473654e-01 -3.860722818945652168e-01 -3.366890215697533606e-03
1.736491926825159127e-01 -7.333116441780738182e-01 -8.953258856789678144e-02
8.977860114959634874e-02 -5.330466132996500850e-01 -3.169214144944840911e-02
9.860784214355977628e-02 -5.304464373725267246e-01 -2.750297137110913059e-02
2.019752440642517133e-01 -6.017045995854625184e-01 -6.708852057792197288e-02
1.198182672510473279e-01 -5.307268753815823636e-01 -1.923612172125236525e-02
-2.693081047085502458e-02 -8.368391094810372355e-01 -1.962848878532638397e-01
1.602659158371432524e-01 -3.863418535377372565e-01 1.402007956443829598e-02
1.405038356060434590e-01 -5.276682546105010418e-01 -1.412989747464839241e-02
1.703798951013122953e-01 -5.306992382001538555e-01 -1.756840120960721091e-02
1.725412959890458287e-01 -7.393425211797873819e-01 -8.744589278348047223e-02
1.994750929481390322e-01 -5.303926662813291948e-01 -3.620157851554025447e-02
-4.317845910393378062e-02 -3.339780662199574035e-01 -8.344255504642440757e-03
1.724917021887823199e-01 -4.974275416057430399e-01 -1.093990011447540378e-02
1.837792665018652127e-01 -5.666739026171746518e-01 -3.256755084449897836e-02
2.089613552414287534e-01 -5.312949932558466148e-01 -5.156332774713520001e-02
2.127144599899621347e-01 -5.285313645528263438e-01 -6.367369743431716689e-02
-1.288278228173557124e-02 -5.510651176497909365e-01 -1.364090820609184518e-01
-1.389361630401252934e-01 -5.419539110625125611e-01 -1.159363584514550294e-01
1.435187690083201684e-01 -4.166144015032774983e-01 1.505236471860529196e-02
2.131768276295413767e-01 -5.382704101318457335e-01 -8.237727285254878296e-02
-1.357038956662444673e-01 -5.499463766969114875e-01 -1.072388168164470079e-01
-1.814554643060159803e-02 -5.339180706460827652e-01 -1.074838686622193173e-01
-1.018171530491683574e-01 -5.524264425230822617e-01 -8.644361320695262418e-02
-8.192551787077992365e-02 -5.505321671343027523e-01 -8.532540762587642602e-02
-4.921880664013023043e-02 -5.510489545733503469e-01 -9.208652368701125690e-02
-1.404452566495352495e-02 -5.493395983590597664e-01 -1.252948250601635949e-01
-1.317426927457546193e-02 -5.526724172617240027e-01 -1.494063459143193939e-01
-8.754864420656965907e-02 -8.076086603017201826e-01 -1.074475777039926860e-01
-1.246575148566409497e-01 -2.930125660441284530e-01 -2.090650312579392378e-03
5.328206580843593970e-02 -5.501624624036458577e-01 -4.956830776530527644e-02
8.233424082855805848e-02 -5.456640590199105523e-01 -3.824539571347409378e-02
1.010396789465127787e-01 -5.474753805316171507e-01 -3.016898975375919417e-02
1.109314798680372249e-01 -5.498418303425601783e-01 -2.642725021169617383e-02
8.574229230006208402e-02 -8.646628624286911702e-01 6.782020372634710997e-03
1.219717095289285791e-01 -5.484036746999071399e-01 -2.213482066953509353e-02
1.701993127646188597e-01 -7.815033554617133449e-01 -8.563201634223982506e-02
1.344643635531297399e-01 -5.491330774805075476e-01 -1.961604838314887078e-02
1.548590977333028085e-01 -5.474864154512670833e-01 -1.859668064210634464e-02
2.070377873116788781e-01 -5.475671458076909470e-01 -5.305135720278853634e-02
5.669434624966503133e-03 -3.349810193600331609e-01 -6.906253154646854742e-02
-3.550613848538492628e-02 -7.575627075352913131e-01 -1.853527175018451767e-01
2.023811989097540620e-01 -5.524321277664480112e-01 -4.632581698067065462e-02
-1.520546791842978807e-01 -8.410627700588205746e-01 -4.895323075697633614e-02
-4.458936256458279068e-02 -3.530651180652427112e-01 -1.630673420243721611e-02
1.807465440099518261e-01 -6.211957048298369921e-01 -4.604356507905914969e-02
-1.281089103180170219e-01 -5.711357551054517812e-01 -1.084376548644568339e-01
1.444548624951961235e-01 -7.095431743977199668e-01 -5.262492522711211679e-02
1.491360594638009018e-01 -8.425929659505848601e-01 -2.926936494286692253e-02
-2.049755058697229348e-02 -5.698069551732535265e-01 -1.215318297191539942e-01
6.557966397956344062e-02 -5.669831078207894226e-01 -5.620142112832376274e-02
-6.240236938491853375e-02 -7.673085273073017021e-01 -1.384641503243514704e-01
-1.604259612549047490e-02 -5.627367171679551472e-01 -1.281236118089882636e-01
-1.644668463779157264e-02 -5.693331162235025777e-01 -1.361748442633435863e-01
-1.538831666584792972e-02 -5.687475972834760141e-01 -1.469999696356202590e-01
1.544671137874406019e-01 -5.128079483253725757e-01 -1.094988997987590695e-02
1.139451404317969319e-01 -5.674054283882294936e-01 -2.968532766230137093e-02
2.044359331893707832e-01 -4.412520212266576314e-01 -4.662632673932242539e-02
1.042659909631478976e-01 -4.872483938528915370e-01 -1.695052727130454129e-02
1.337168763345846778e-01 -5.667765586570964187e-01 -2.381635217710088154e-02
1.949759059173755416e-01 -5.649505596781089212e-01 -4.117392039174463253e-02
1.997926579088356303e-01 -5.681097979049156699e-01 -4.797681317059419165e-02
2.077256883154762479e-01 -5.669214907884697618e-01 -6.452652695286711926e-02
-1.982592246662781207e-02 -5.828396007893794639e-01 -1.402634989825750078e-01
-4.206265739010285609e-02 -4.602629606819033103e-01 -6.472198913460436298e-02
-1.021951527788874936e-01 -5.022469149458861359e-01 -6.942427901494555020e-02
-5.060638898651556583e-02 -5.719877279133653847e-01 -9.905602795945456229e-02
1.589385467155409737e-01 -8.003898760054322103e-01 -6.518505788201603424e-02
1.475094573388025521e-01 -3.142443811334646453e-01 3.325670985246714784e-02
2.093282406511997040e-01 -5.684081381357891649e-01 -7.841704517572428701e-02
-3.591569227554614052e-02 -7.475346851984440155e-01 -1.858550703114272007e-01
-2.704409035310749443e-02 -4.417173994266871961e-01 -6.741687584429142954e-02
1.694171676459667042e-01 -5.487668928022907400e-01 -2.151915951986690251e-02
-3.960534595126033452e-02 -7.114588168150117742e-01 -1.657339735420685356e-01
9.978266608344055211e-02 -8.063217216570793822e-01 -5.097651379459883919e-02
1.036617345834103254e-01 -5.715255732480424289e-01 -3.558456025806191331e-02
-1.236948028408687561e-01 -5.879434359447397451e-01 -1.107992316470345351e-01
-3.746542182863207837e-02 -7.114352938905400547e-01 -1.765761350585327571e-01
-8.559953707714831883e-02 -5.866858837927263481e-01 -9.822088037804599381e-02
1.059294242975591660e-01 -6.918869628363295554e-01 -6.725912676690123937e-02
-6.903155480723917325e-02 -5.873721501960403879e-01 -1.002088911583700614e-01
1.585404547251970386e-01 -7.629006159002640342e-01 -6.493608517109478173e-02
-8.141372880177003002e-02 -5.975338439167509064e-01 -1.023304899258344891e-01
1.859904154465130965e-01 -6.067788666438572731e-01 -4.506965521174832040e-02
-4.070833381654782868e-02 -2.968995586710101997e-01 3.517759204625593022e-03
-2.568564865657000512e-02 -5.863687673968203118e-01 -1.222914818166153106e-01
9.717256834623463901e-02 -5.816244772497567439e-01 -4.348245619118269040e-02
1.052832574355805351e-01 -5.862220072931362269e-01 -3.946757288544943537e-02
1.883915725590608881e-01 -3.322723804437133222e-01 7.158294814346780055e-04
-5.163375727153120265e-02 -8.018785664811662883e-01 -1.439236058254424466e-01
-2.692215125288628316e-02 -8.313114806810045776e-01 -1.860959078062895400e-01
1.360025087372292996e-01 -5.837278239334933172e-01 -2.741517421403719817e-02
1.505698225872890705e-01 -5.850802634045487727e-01 -2.688547032000074277e-02
2.070592049320330585e-01 -5.122541051240607768e-01 -4.159853625958977869e-02
1.674990007007876036e-01 -5.849027401607556076e-01 -2.939990237663287626e-02
-5.013581827189559498e-03 -3.896693306879064345e-01 -6.703267698518522444e-02
-9.109515757073630149e-02 -7.684699542898453251e-01 -1.284270900208628607e-01
1.827996848230197258e-01 -5.847417899770405159e-01 -3.656644904224472942e-02
1.923574433373464732e-01 -5.806278606212956772e-01 -4.291179410615238859e-02
-7.406178166567890797e-02 -4.743980267992976008e-01 -5.996044185375110774e-02
1.968139791906066138e-01 -5.851670010079660367e-01 -4.986557393676727817e-02
2.084947418252516560e-01 -5.844680762454599332e-01 -8.186526049685360906e-02
-3.211026635249467076e-02 -5.899936512555149504e-01 -1.164729346740564497e-01
-4.114945107296354848e-02 -3.162161314878513263e-01 -2.559057922750518355e-03
-3.907984949359093879e-02 -7.174703157197692693e-01 -1.928899223386052741e-01
-9.082225205395733081e-02 -5.936198225702649101e-01 -1.006766163599845387e-01
-1.256543289718555501e-01 -6.060212885149633966e-01 -1.218360631616141887e-01
-1.213365918350385320e-01 -5.999574388162742800e-01 -1.147554484404591513e-01
-3.139005348461694489e-02 -4.565601059288781904e-01 -6.961056651006206075e-02
-1.023861623687424283e-01 -6.036184853495657476e-01 -1.061016589410037070e-01
-3.572667144271383238e-02 -3.031174829835773799e-01 -3.333312377488753531e-04
-8.854310192286415915e-02 -6.060568349572332814e-01 -1.054071713350878958e-01
-5.457033447174176877e-02 -5.989723228337013872e-01 -1.081327635854019420e-01
-3.909169717744095940e-02 -6.054496219862253170e-01 -1.185956244209176169e-01
-5.643929395118039288e-02 -6.855540518076549406e-01 -1.386045454887193107e-01
-7.329962711441677381e-02 -8.029102383976948198e-01 -1.216466842688991579e-01
-2.898187649652490816e-02 -6.016645407801742840e-01 -1.262132090286086361e-01
-2.666288406679169845e-02 -6.057129252752059267e-01 -1.356161703710909439e-01
9.271634645632320648e-02 -5.983913700742821140e-01 -5.355424803939878159e-02
1.138513558509698376e-01 -6.210322406002917184e-01 -4.472122912338618445e-02
1.503394720722439626e-01 -6.022286950218086465e-01 -3.125292133427200886e-02
-9.140320617838398887e-02 -2.818814066928151951e-01 1.236038606048048272e-02
-5.272631376800378938e-02 -2.521325810989556437e-01 1.951216966923167290e-02
1.943780436238181919e-01 -6.019692243455031511e-01 -5.252431275024915108e-02
-5.439576186476621777e-02 -6.086716982307321944e-01 -1.120056346613030884e-01
-2.218320455945008846e-02 -6.029289512834444809e-01 -1.483306560907077798e-01
-2.596631217464251754e-02 -6.089876358362095177e-01 -1.482302029020086676e-01
-8.436876615739688501e-02 -2.755377426610861047e-01 1.520587368712023393e-02
1.985393259817876677e-01 -6.066458382275162764e-01 -6.090191000194940946e-02
9.796031009022299063e-02 -9.016557352771481515e-01 1.942820447943439249e-02
1.634747919731033283e-01 -7.956208863839953072e-01 -7.186110738880538418e-02
2.044026706881918176e-01 -6.045751734597747395e-01 -8.923571708920560730e-02
-1.237847067735369788e-01 -6.180399040377430042e-01 -1.229484664347677558e-01
1.886717385564426752e-01 -3.138062774084156015e-01 -3.568686088019683983e-02
-1.188411469541819643e-01 -6.244090369529855522e-01 -1.250802856855386946e-01
-1.070666299446163261e-01 -6.237310078683881986e-01 -1.164562191050778905e-01
-7.265052618339420953e-02 -6.235253066329623506e-01 -1.129471468109295440e-01
-5.627225815192742064e-02 -6.233533898807334106e-01 -1.170361263451502043e-01
1.125583734535977598e-01 -7.296545025903866666e-01 -6.268440917898071563e-02
-4.294600612892707225e-02 -6.217799933560527181e-01 -1.232859829848521882e-01
-3.147814896868450507e-02 -6.230917534795045176e-01 -1.366499926855918035e-01
-2.943311833567953742e-02 -6.170482779095302073e-01 -1.586652757070705910e-01
9.311524030283946374e-02 -6.157755098098937063e-01 -5.733918536187278953e-02
1.019880326729691589e-01 -6.217025786835079781e-01 -5.500440549366831383e-02
1.786283233395785652e-01 -2.765472432820179627e-01 2.642174637796515166e-02
-1.061299694605956356e-01 -5.885867214499461708e-01 -1.011635006117458935e-01
-1.281349253621395790e-02 -2.972864517566891074e-01 -1.404763193728590653e-02
-2.503914078276654742e-02 -5.673472778659288673e-01 -1.131435650205987464e-01
-1.292686453959498716e-01 -8.093845710959929329e-01 -9.293342786344988005e-02
2.320175506190909342e-03 -3.438460626077304294e-01 -6.113129967818046323e-02
-8.704842677900745396e-02 -5.574653351154771341e-01 -8.749611286830902279e-02
1.743939435491763945e-01 -6.149262329436242513e-01 -3.996911667580848454e-02
2.109626721817849104e-01 -4.954919191440405046e-01 -5.006167421634464404e-02
-1.182272482703925487e-01 -7.978982887428955895e-01 -1.058568237072607110e-01
1.908387225458610392e-01 -6.199124280439322066e-01 -5.470540332748833473e-02
1.923623521784241230e-01 -3.860029928798022203e-01 -1.299749895837752633e-02
1.720204672567992865e-01 -7.269762228526699399e-01 -7.586374261515760331e-02
1.955791726422417554e-01 -6.213906349121196548e-01 -6.279825494536589447e-02
1.680333631987255549e-01 -7.260156041291104811e-01 -6.740407180057655934e-02
2.008034300117557680e-01 -6.226718816765570708e-01 -7.972388040569658441e-02
2.009488142334169836e-01 -6.166500170885101939e-01 -8.859823427587712463e-02
9.446692101565373756e-02 -6.237869306001009306e-01 -6.531520665907486478e-02
-9.546565486447716742e-02 -6.284457935753822166e-01 -1.143674207946090982e-01
-1.091618691965082211e-01 -8.392731785842824088e-01 -7.707244606499424888e-02
-9.944729314254105446e-02 -3.720034307661816975e-01 -1.542556051233490849e-02
1.226515434989816633e-01 -6.255006189130698502e-01 -4.147162200533176940e-02
-8.235904315418626775e-02 -5.202970894383750489e-01 -7.445960223228817454e-02
-3.439070368496193603e-02 -6.351612414303692278e-01 -1.401178533602970289e-01
1.915536541024151773e-01 -3.338415125925681681e-01 -2.879076932445383263e-02
-1.113240821042357498e-01 -6.423883170986420810e-01 -1.285494656504138078e-01
-9.253953209397583479e-02 -6.422137103257274937e-01 -1.192234445643516882e-01
-8.516629504231351677e-02 -6.336890947364982596e-01 -1.154503425938695482e-01
-7.309900579685960076e-02 -6.369578628480792037e-01 -1.177297959079193490e-01
-4.353911788773416613e-02 -6.412768552516779907e-01 -1.327356920298960741e-01
-9.751820228141955260e-02 -7.614280234131789449e-01 -1.343493665335365184e-01
9.694379198053360014e-02 -6.398129587076338831e-01 -6.383001103312191393e-02
-1.879816807659084876e-02 -8.256061523211526421e-01 -2.099935901766472879e-01
1.055808995837492492e-01 -6.397233137692112104e-01 -5.611818988540943215e-02
1.152406562456986805e-01 -6.381182752558750559e-01 -4.792750256690476302e-02
1.288593852748783908e-01 -3.686139685285497181e-01 2.725370913286746452e-02
1.324810558343412215e-01 -6.378380682296271864e-01 -4.135203666921071636e-02
1.640445005018100755e-01 -6.391125083314369570e-01 -4.286965538989252061e-02
1.885575528413664659e-01 -6.328352935854295591e-01 -5.723455672338783468e-02
1.974056391517024500e-01 -6.367528856570227047e-01 -8.121182002704235847e-02
1.961007846227197371e-01 -6.401096775652629356e-01 -8.892841065878825946e-02
-7.577362917248617324e-02 -6.466315170963226056e-01 -1.205757152320320047e-01
1.845508290016269759e-01 -6.469216139847918656e-01 -5.830949634789184960e-02
9.092839613836406487e-02 -6.047629406496201065e-01 -6.002513930805004200e-02
-1.075330372981012084e-01 -6.596039360112330163e-01 -1.335647938593413908e-01
-6.838404284811988587e-02 -4.128089196805619920e-01 -3.588395928315350064e-02
-9.135899500236516202e-02 -6.592895875423674390e-01 -1.245603866783474845e-01
-5.971796919696151229e-02 -6.595050279776171198e-01 -1.292795652218478031e-01
-4.833621640857835300e-02 -6.581083067008687282e-01 -1.362489568187763012e-01
1.984760589570019329e-01 -2.414738771378628912e-01 -2.880753900023645675e-03
-4.221116242573258459e-02 -6.608807726754324374e-01 -1.440635695761016133e-01
-1.099761298193119852e-01 -5.745588767418068343e-01 -9.645170929128038528e-02
-3.490182200330102513e-02 -6.572336740534664434e-01 -1.769533539156777080e-01
1.001090901522606880e-01 -6.582390621775334738e-01 -6.732149619472529989e-02
1.158213898373655348e-01 -6.556683538895483609e-01 -5.167518722851716789e-02
1.669889397723211266e-01 -7.394025176346400441e-01 -6.939296427513921839e-02
1.342108392335480682e-01 -6.554765511159937885e-01 -4.436778712353550008e-02
-1.143991701548990603e-01 -5.505278943065536890e-01 -8.939825143768062587e-02
1.442918480893545241e-01 -7.276032414154277594e-01 -5.429173251306846498e-02
-6.197940146012993756e-02 -7.297542323626056149e-01 -1.404096487517161596e-01
1.630718664250752070e-01 -6.571806923798584332e-01 -4.684873561223539679e-02
8.474816123893367387e-03 -3.217105324125137944e-01 -5.338792562510021739e-02
1.751014633671263421e-01 -6.560508671877901543e-01 -5.292925222063576268e-02
8.289129600088693262e-03 -3.237175989596268733e-01 -6.535424487167551533e-02
1.818612223766142288e-01 -6.584875464978884319e-01 -5.969407808043134672e-02
1.874331066883374863e-01 -6.560635968599088930e-01 -6.683432591385649046e-02
1.454885501874867704e-01 -9.061700577946133484e-01 -2.319091006940832839e-02
-9.578394590048323193e-03 -4.322521502959666972e-01 -8.968089652757013641e-02
-1.178411200581543916e-01 -5.818633349312839487e-01 -1.035711046983888162e-01
1.908113571694498578e-01 -6.568870449885688689e-01 -7.783105277090349161e-02
-1.065923794137434433e-01 -6.700278825827306051e-01 -1.338328240452629492e-01
1.514042924176547678e-01 -6.887371053881218286e-01 -5.023758256565203500e-02
-5.246509786595475455e-02 -6.714670827240722950e-01 -1.376224496862979707e-01
1.993324158621925246e-01 -2.254133236992671707e-01 6.327697587761929587e-04
-4.658208249002722401e-02 -6.779473004700864447e-01 -1.458295878922771238e-01
1.740938484627273797e-01 -4.403705646255198225e-01 -9.552109375167150418e-04
-3.763018068104770353e-02 -6.769637205381739964e-01 -1.613959096185750841e-01
1.026327467173179797e-01 -6.758694656385835220e-01 -6.807170558565037166e-02
-7.814049458607891241e-02 -7.299239389268730172e-01 -1.357004157284610324e-01
1.286548418860047338e-01 -7.819418585765668395e-01 -5.169049067307796702e-02
1.676645405347705620e-01 -3.180452297621757518e-01 2.354041784973116835e-02
1.619262821973369015e-01 -6.748279800442641418e-01 -5.040130447354825710e-02
1.716623221171314773e-01 -6.701320134680911478e-01 -5.426672649152534250e-02
1.191610184225604385e-01 -6.957626379315570153e-01 -5.611202606177161795e-02
1.772206459863382988e-01 -6.756910679589664959e-01 -6.137215076345454295e-02
1.880794303544183199e-01 -2.949562106164715924e-01 1.134964603408280745e-02
1.849526927538064913e-01 -6.689880614823234817e-01 -6.993249411584459563e-02
1.709292892056661906e-01 -7.152807023519544005e-01 -1.017507294040629895e-01
-5.723133393233111044e-02 -3.163850317647943222e-01 2.374798887965091226e-03
1.874388765630035369e-01 -6.763166153069659625e-01 -9.157909998907626248e-02
1.553367590176661928e-01 -8.589157734179176940e-01 -1.735996105745406942e-02
1.757561778253880491e-01 -7.092129873974803989e-01 -7.626140242639381506e-02
1.668911498095056734e-01 -6.832242144471624146e-01 -5.462969845142886388e-02
1.810025715354121323e-01 -6.830747855551321246e-01 -7.084584131361879034e-02
-9.467285638493236344e-02 -6.947100996386574856e-01 -1.353509478086874773e-01
-6.442294521524230544e-02 -6.950013648163352320e-01 -1.356561895377399463e-01
-4.932198993943343046e-02 -6.955109009681089693e-01 -1.472033057835094860e-01
9.834378653902089984e-02 -8.656780795102733128e-01 1.363125657783477440e-02
-3.922144085665603408e-02 -6.954034542185674184e-01 -1.635698019729052710e-01
1.620472593057291910e-01 -6.949792889479969871e-01 -5.511429207174604189e-02
1.734980049217352271e-01 -6.927850576314206199e-01 -6.353066368369991723e-02
1.791383618403440126e-01 -6.943300704172371551e-01 -7.465692876988341831e-02
1.238032641451057292e-01 -4.578847510744810112e-01 -3.671495574375939486e-03
1.815227731489842122e-01 -6.910939947479466383e-01 -8.119652961340306785e-02
-1.465714663307486967e-02 -4.423385985935969766e-01 -8.224813882376608154e-02
-2.639502594107673988e-02 -3.361246315108100680e-01 -1.827169391680798921e-02
-1.028029655939445841e-01 -7.061030721231568164e-01 -1.480206095533147526e-01
-7.339060416528596364e-02 -7.102551397617709039e-01 -1.346450064025942472e-01
1.277392915517757688e-01 -6.932036262446708008e-01 -5.231433697251598042e-02
-5.185452295062340650e-02 -7.898417928886497519e-01 -1.437532847169857853e-01
-7.167590525987393990e-02 -6.089688634378338516e-01 -1.077830596732341772e-01
1.135954760751025916e-01 -7.098653738125008106e-01 -6.163607000431432087e-02
1.189308904922969090e-01 -7.098099117404579328e-01 -5.770353565828662684e-02
1.707446780353286675e-01 -7.084639760752049487e-01 -6.565316682555449868e-02
-6.938781603959234823e-02 -5.991915905722839941e-01 -1.045242447133857278e-01
1.058504170835182223e-01 -7.139582836553498568e-01 -7.272044091011406475e-02
-3.644394223568416663e-02 -7.254676869261506011e-01 -1.972010155888733740e-01
-3.762731415181261307e-02 -6.265009992003958139e-01 -1.299442422144396758e-01
-3.647892833079610653e-02 -7.174426825756619053e-01 -1.967670930528601092e-01
-3.019918712745009101e-02 -5.155596358044146621e-01 -8.960774844360286373e-02
1.728003465925921078e-01 -7.152604973264057309e-01 -1.077094979257281204e-01
-9.896657818279328001e-02 -7.281346582717015403e-01 -1.441832923192951088e-01
-9.254000210671620152e-02 -7.295727320354159495e-01 -1.386443770517532814e-01
-4.945672258305235103e-02 -7.296221357586153422e-01 -1.498570752576856846e-01
-3.507535359189933866e-02 -7.304703438470687704e-01 -1.936260149176149969e-01
-8.280658970481943881e-02 -7.446866275285957126e-01 -1.349342719452984729e-01
5.740854591521748346e-03 -2.460706631836168112e-01 -1.417874100339575061e-02
-3.899575793876690344e-02 -7.475689392235140840e-01 -1.663954254398620769e-01
1.902079232102042994e-01 -3.418827421109721376e-01 -2.186557394171088214e-02
-3.680590199430186504e-02 -7.475449081431333465e-01 -1.770949812227851083e-01
1.594447618180730719e-01 -7.455017133675404528e-01 -6.308039576151874828e-02
1.692396766753898329e-01 -7.459450867832272403e-01 -7.573169540126653554e-02
1.168371236448960127e-01 -8.964428315287457094e-01 2.563555243481013823e-02
-4.753436051579222610e-02 -7.662418718271903906e-01 -1.504901258412417175e-01
-3.827923405180741478e-02 -7.656199939518973929e-01 -1.655502593551650414e-01
-3.520648510507687345e-02 -7.664782490129945502e-01 -1.788109354619511204e-01
9.772110918972520821e-02 -7.624860874017092005e-01 -6.847896018992527534e-02
1.275424999026237849e-01 -7.638951994813023560e-01 -5.366614125024835730e-02
1.684628988816567752e-01 -7.634642108267319927e-01 -7.808749659832106560e-02
-1.033783514962081929e-01 -7.703180567920924204e-01 -1.313269615853918937e-01
-1.158179391825806814e-01 -5.333546260179493625e-01 -8.420600525615595799e-02
1.942555563606065683e-01 -6.428055153834461022e-01 -7.553881914606061510e-02
-9.034373541927201434e-02 -7.782078555359227545e-01 -1.228923359213607014e-01
-7.314438895994765377e-02 -7.827929352721368916e-01 -1.284840203222932242e-01
1.741417828004780954e-01 -8.714246383697127341e-01 -3.137558467744185758e-02
8.249874188798650421e-02 -3.269633839404305631e-01 3.328811929671625369e-02
-5.972782728983098283e-02 -7.839055624477961892e-01 -1.375827774597464248e-01
1.632448719355344413e-01 -7.815776209248758155e-01 -7.158345413332928286e-02
-3.731859022336496412e-02 -2.620024718642731676e-01 1.198558857653156048e-02
1.914849044593057992e-01 -6.388228936072025688e-01 -6.509832855652381012e-02
-8.867753634319999745e-02 -7.862172387578536537e-01 -1.186675646409036111e-01
-7.730987422784649232e-02 -7.891072794438989124e-01 -1.231362889113843673e-01
-9.955706631114159127e-03 -4.056269806092900332e-01 -6.843694784289414135e-02
-1.177863729238885770e-01 -5.683199590787075817e-01 -9.827539238788973730e-02
1.926520681936619295e-01 -2.970478504046209500e-01 3.166810146361585115e-03
1.855423522798626823e-01 -6.750002175618422529e-01 -7.882111871340091724e-02
-3.443410989726675836e-02 -8.021184365906320890e-01 -1.674093088419781883e-01
-7.138032762620288851e-03 -4.091534697578495527e-01 -7.835068932478975179e-02
-3.141331987773620521e-02 -7.936381159114329620e-01 -1.760660802795929181e-01
-2.463828104538610259e-02 -7.982467485479546321e-01 -1.947073704226123803e-01
1.918086114339686843e-01 -3.518981218032433689e-01 -1.796129582419397908e-02
9.328697478923311803e-02 -8.012615691262305884e-01 -5.914050289512106512e-02
1.105165735765049062e-01 -7.977828418765410268e-01 -4.914777963144380951e-02
1.258614378769929154e-01 -7.920043754715452300e-01 -4.903333781047456569e-02
1.042672892198749091e-01 -4.234086275312362035e-01 4.767973979786104682e-03
1.671174260276465373e-01 -7.995947502918371308e-01 -7.868133168506610819e-02
1.112430751441063348e-01 -4.181558595632852704e-01 1.208841687282633318e-02
1.701565950991314469e-01 -8.010663638708916956e-01 -9.129488157631648892e-02
-1.665531578376020783e-01 -8.311807021387532801e-01 -6.708864575705902888e-02
-3.610338119762464965e-02 -6.813244326916286786e-01 -1.706840966913508173e-01
1.439910899642080078e-01 -8.029263900040385371e-01 -5.146574806679175135e-02
1.918640306625432335e-01 -4.591671366599253679e-01 -1.537409855790254631e-02
1.695499410507191329e-01 -7.955544058833712295e-01 -9.972639212483436211e-02
2.084401422122431347e-01 -4.932896747191141684e-01 -4.141738069273768336e-02
-1.145771174553104621e-01 -8.055520633092310145e-01 -9.641442784605022687e-02
-1.864148327889535509e-02 -8.065432398093760336e-01 -1.998011844336577414e-01
1.176348799804409206e-01 -8.050208414038431126e-01 -4.387314401506182265e-02
